1.5584185695225927e-03   3.8859114361648373e-01   2.9796884794403286e-05
2.3137462778592020e-03   3.8859117099572021e-01   4.2699426904249912e-05
3.0897663961700519e-03   3.8859120927480006e-01   5.5843365000738652e-05
3.9859962646859653e-03   3.8859126606767802e-01   7.1209484823637727e-05
5.0553450038206263e-03   3.8859135221963198e-01   8.9720335376146439e-05
6.3768177248630428e-03   3.8859148573383845e-01   1.1249569837180587e-04
8.0346079106695389e-03   3.8859169606417354e-01   1.4137329885068953e-04
1.0123614020183191e-02   3.8859202956185224e-01   1.7798159868072204e-04
1.2756239752036151e-02   3.8859255895902373e-01   2.2663421061110798e-04
1.5851127332251202e-02   3.8859335330098027e-01   2.8605413469588942e-04
1.9387957475655668e-02   3.8859448382287071e-01   3.5587543534389078e-04
2.3208587295742579e-02   3.8859599303104048e-01   4.2665803104277984e-04
2.7583308718286816e-02   3.8859801804368882e-01   4.9159224663860700e-04
3.3353029807871068e-02   3.8860107280889561e-01   5.7675047012451636e-04
4.1106918783734646e-02   3.8860603778237179e-01   7.0774038641920848e-04
5.1247740858880363e-02   3.8861410901173910e-01   8.9138623068848294e-04
6.3511050932547344e-02   3.8862645620387232e-01   1.1060641778134264e-03
7.9130136402944751e-02   3.8864570579431162e-01   1.5169017669776751e-03
9.2106494046617873e-02   3.8866845636939301e-01   2.1659313166277104e-03
1.0012439762711293e-01   3.8868786716708764e-01   2.2208426804564588e-03
1.1151440831857848e-01   3.8870992508064289e-01   2.5074166394823236e-03
1.1992007170831606e-01   3.8873454249361561e-01   2.9742786249686371e-03
1.2739471044159648e-01   3.8875707730128217e-01   3.0565781515268157e-03
1.3507306736948213e-01   3.8878087604824391e-01   4.1676522028960784e-03
1.3916682792574753e-01   3.8880026887152902e-01   4.0453520894796193e-03
1.4671355045178947e-01   3.8882117340080580e-01   4.7003947190857077e-03
1.5021549848043692e-01   3.8884077086223823e-01   4.6184896336924691e-03
1.5463544007952040e-01   3.8885573030818615e-01   3.7268205319069968e-03
1.5885998770766349e-01   3.8887285651763709e-01   4.5474883377221382e-03
1.6187860665375930e-01   3.8888764812713217e-01   4.3320896921653059e-03
1.6759628854854774e-01   3.8890626577220594e-01   5.4950292025461494e-03
1.7031144449249355e-01   3.8892407232052539e-01   5.3806450287866943e-03
1.7407434991080989e-01   3.8893817824062327e-01   4.1055182964397727e-03
1.7771785375544980e-01   3.8895439560661960e-01   4.4781807520985926e-03
1.8125296360716364e-01   3.8897031957313710e-01   4.5385510479905734e-03
1.8468919290438854e-01   3.8898602874896560e-01   4.9346481344123500e-03
1.8737255698098332e-01   3.8900003088823704e-01   4.6685682858314710e-03
1.9258038120604615e-01   3.8901878942578599e-01   6.1222093941860067e-03
1.9511105196795003e-01   3.8903738194707133e-01   6.1735305779913093e-03
2.0020254193048051e-01   3.8905679510481550e-01   4.6058462217284900e-03
2.0512366191054995e-01   3.8908323280863211e-01   7.1240470261363749e-03
2.0768028360429869e-01   3.8910377300956706e-01   6.8981248588561618e-03
2.1019625949551829e-01   3.8911831583278023e-01   5.8546091280261038e-03
2.1267381134607508e-01   3.8913300248750521e-01   5.5826462178447181e-03
2.1635917697152718e-01   3.8915168395652544e-01   6.6331545795993811e-03
2.1882092509335666e-01   3.8917058504683233e-01   6.7083336875667088e-03
2.2253012973709019e-01   3.8919004884639913e-01   6.8437971804029231e-03
2.2498784123858365e-01   3.8920946856552424e-01   7.1244882102398663e-03
2.2741390898746566e-01   3.8922489213551315e-01   5.9186102989027285e-03
2.3164491554392408e-01   3.8924669581824378e-01   9.2882267479381889e-03
2.3346327981343068e-01   3.8926681655525242e-01   8.9066801530520000e-03
2.3616122134709108e-01   3.8928220535052160e-01   6.5970531964061191e-03
2.3848586323038945e-01   3.8929933011204398e-01   7.2493350685278769e-03
2.4061779958532142e-01   3.8931455591004160e-01   7.0042777384656113e-03
2.4272954297573085e-01   3.8932905955004848e-01   6.5025646359068425e-03
2.4551525890723275e-01   3.8934583062540057e-01   8.8627209337758684e-03
2.4689578074063934e-01   3.8936001038385032e-01   8.4878280781025533e-03
2.4923517206787099e-01   3.8937279657024537e-01   5.8190442161661334e-03
2.5211309054015785e-01   3.8939079463021925e-01   7.7323544229636401e-03
2.5401370082019498e-01   3.8940734662332277e-01   7.5705746319177179e-03
2.5763056430358261e-01   3.8942689422330923e-01   9.2483487520232197e-03
2.5934957310840501e-01   3.8944593259632371e-01   9.1980050559921159e-03
2.6105803149926721e-01   3.8945845957279956e-01   7.3905803477811267e-03
2.6275629076212204e-01   3.8947110903215643e-01   7.0591954186884310e-03
2.6511151331513350e-01   3.8948646345924270e-01   6.5147145435211226e-03
2.6861025575645586e-01   3.8950923288023681e-01   7.2794675513387147e-03
2.7207047179502630e-01   3.8953706184658426e-01   1.0903239613559925e-02
2.7378690820400592e-01   3.8955821225790904e-01   1.0312167300341854e-02
2.7719412272186489e-01   3.8957975262977240e-01   7.9496987572100081e-03
2.8003158816389034e-01   3.8960615588596464e-01   1.0515405343118865e-02
2.8174420406518608e-01   3.8962541568427678e-01   9.8527327317452108e-03
2.8344914271739169e-01   3.8963984948004077e-01   7.9200323398020776e-03
2.8605398829765494e-01   3.8965830763094528e-01   1.1114781736508941e-02
2.8735013096220680e-01   3.8967531226881746e-01   1.0965780888219102e-02
2.8993048676449096e-01   3.8969254473054693e-01   7.8047054408695209e-03
2.9249561460465695e-01   3.8971543704934869e-01   8.9068895001056716e-03
2.9505643839614654e-01   3.8973820116622676e-01   8.8649271131168925e-03
2.9761359868705961e-01   3.8976080778418937e-01   1.1732115980007726e-02
2.9888723078809804e-01   3.8977758447442501e-01   1.0978824041452777e-02
3.0142513685619859e-01   3.8979435482587188e-01   1.0959595693694200e-02
3.0268956441357336e-01   3.8981095380076292e-01   1.1089698982649537e-02
3.0566843228359214e-01   3.8982968629857168e-01   9.9629660357887489e-03
3.0738071634820119e-01   3.8985036231509534e-01   1.0509405163714387e-02
3.0908822030156446e-01   3.8986564118400907e-01   8.9977063959709551e-03
3.1079115311506933e-01   3.8988104797064471e-01   9.0827994561959204e-03
3.1250758722468819e-01   3.8989669957292206e-01   8.4363885631683518e-03
3.1578725029022131e-01   3.8992009248436749e-01   9.7899069728882970e-03
3.1806217491491923e-01   3.8994655680789103e-01   1.1220338116382405e-02
3.1991075875643799e-01   3.8996667858366929e-01   9.9157424774789591e-03
3.2248004115702555e-01   3.8998869386470320e-01   1.1453813359777609e-02
3.2405830826461079e-01   3.9000956821642352e-01   1.1333774902822412e-02
3.2649485011272111e-01   3.9003006527220369e-01   9.5007118355536161e-03
3.2879104573275814e-01   3.9005423589613902e-01   1.0083639162020019e-02
3.3137632152424246e-01   3.9007901618126356e-01   1.0274568785371982e-02
3.3367526270631820e-01   3.9010404618023381e-01   1.3993676518917322e-02
3.3483528520162109e-01   3.9012209724509422e-01   1.3013658464169863e-02
3.3715272280944525e-01   3.9014046242569411e-01   1.3141470580839594e-02
3.3831022224788526e-01   3.9015868965219153e-01   1.3123438907947840e-02
3.4062309305397576e-01   3.9017691738043220e-01   9.1379965897406285e-03
3.4293344457139724e-01   3.9020093031197789e-01   1.0060446370457842e-02
3.4555692734869542e-01   3.9022633115715327e-01   1.0111541540233056e-02
3.4803269839668399e-01   3.9025236833576449e-01   1.0172140974040633e-02
3.5072536044031133e-01   3.9027874913338223e-01   1.2553533169270156e-02
3.5225311834322132e-01   3.9030031704811907e-01   1.1945745683069858e-02
3.5431166849776652e-01   3.9031888442328022e-01   9.7431855839946943e-03
3.5637011690816756e-01   3.9034042958195636e-01   1.0994431237273753e-02
3.5815958987296498e-01   3.9036092478399320e-01   1.1145602666386215e-02
3.5994938080960942e-01   3.9038032243960435e-01   1.0925791858020549e-02
3.6173967244669869e-01   3.9040004010901064e-01   1.1097568568590422e-02
3.6353064713541211e-01   3.9042006590286238e-01   1.0743325145753532e-02
3.6578066021568667e-01   3.9044299991711862e-01   1.0821641750490971e-02
3.6803239740801807e-01   3.9046878440065669e-01   1.2070310495603760e-02
3.6991880154817064e-01   3.9049253271993706e-01   1.1999434937742597e-02
3.7180687743510593e-01   3.9051407405541561e-01   1.0965742435883026e-02
3.7408180646321848e-01   3.9053780494887347e-01   1.1041344980123465e-02
3.7635983618336094e-01   3.9056434862817391e-01   1.3566514188144804e-02
3.7784845116399762e-01   3.9058640627300023e-01   1.2809132470957434e-02
3.8083058416615223e-01   3.9061260627422301e-01   1.4414145930676059e-02
3.8232426526671276e-01   3.9063834736548780e-01   1.4381319043462414e-02
3.8540668826311053e-01   3.9066453501690274e-01   1.4054329451363581e-02
3.8695118679933477e-01   3.9069054363296857e-01   1.4037285358219668e-02
3.8849805077245092e-01   3.9070791608741556e-01   1.0430882123805262e-02
3.9098372996505076e-01   3.9073064899063892e-01   1.4306428616215313e-02
3.9222910682459605e-01   3.9075168606583138e-01   1.4026603650122265e-02
3.9443175116709633e-01   3.9077141836771095e-01   9.5242555910267541e-03
3.9730497061057307e-01   3.9080090421375280e-01   1.5189175487930294e-02
3.9874555021190067e-01   3.9082634401331523e-01   1.4702680411782406e-02
4.0131356535293605e-01   3.9085056532504442e-01   1.2706747417165886e-02
4.0308447511150386e-01   3.9087706712621684e-01   1.3069267076081765e-02
4.0631634877797940e-01   3.9090812366402078e-01   1.1953708868216643e-02
4.0891360906988711e-01   3.9094406362938627e-01   1.6769601496836092e-02
4.1021635872144357e-01   3.9096782608294062e-01   1.5296010860097809e-02
4.1283054170757127e-01   3.9099236789425312e-01   1.0932420269104220e-02
4.1548070270995741e-01   3.9102549000278208e-01   1.2432323936382520e-02
4.1816784444443228e-01   3.9105871806829756e-01   1.6301627127773829e-02
4.1951655936143195e-01   3.9108336878122907e-01   1.5223691252591820e-02
4.2222478872480179e-01   3.9110799268584873e-01   1.0770270355617412e-02
4.2477732948141800e-01   3.9113952121955037e-01   1.1983432407324527e-02
4.2751524800093832e-01   3.9117124900417666e-01   1.2619494380178368e-02
4.2975187704128709e-01   3.9120135827347458e-01   1.3122841533589159e-02
4.3182647217954973e-01   3.9122793041273274e-01   1.2142115962670747e-02
4.3443952358484333e-01   3.9125746563685038e-01   1.2607000039712702e-02
4.3672964859549751e-01   3.9128895458363244e-01   1.8342616853151028e-02
4.3779449519559421e-01   3.9131076063534836e-01   1.7111408799097588e-02
4.4020950916762086e-01   3.9133364507021567e-01   1.1236693598489387e-02
4.4264239610148820e-01   3.9136529818646498e-01   1.2676691891890123e-02
4.4536556093314589e-01   3.9139880138407873e-01   1.3723324483470191e-02
4.4755853814384711e-01   3.9143140457050374e-01   1.3541208433525255e-02
4.5031859876545693e-01   3.9146417330214561e-01   1.5197938030425779e-02
4.5198501380059597e-01   3.9149284518059280e-01   1.4624464086072386e-02
4.5421946766732296e-01   3.9151778909692858e-01   1.1865419655912578e-02
4.5646873936100013e-01   3.9154606734225883e-01   1.2525393986500988e-02
4.5874459768849907e-01   3.9157446563089371e-01   1.2192280165575581e-02
4.6133266098980902e-01   3.9160517895650671e-01   1.3358091667447133e-02
4.6336786254350920e-01   3.9163475128987651e-01   1.3304807310383828e-02
4.6591335354696911e-01   3.9166471654197760e-01   1.2073507958324623e-02
4.6887717632950127e-01   3.9170154111831079e-01   1.2735248221743933e-02
4.7207155848613991e-01   3.9174329158518939e-01   1.3540945659307912e-02
4.7501307072641075e-01   3.9178439816562666e-01   1.3785773950248685e-02
4.7793109047712157e-01   3.9182407860719565e-01   1.7226831488897931e-02
4.7952084212135981e-01   3.9185460757963136e-01   1.5984136116201409e-02
4.8165507203723329e-01   3.9187949699981478e-01   1.2331657578116752e-02
4.8380643257866685e-01   3.9190747904855772e-01   1.2477915922323770e-02
4.8632524314860914e-01   3.9193734923174700e-01   1.2206759211836742e-02
4.8886880779893666e-01   3.9196929155316185e-01   1.3849093725538128e-02
4.9079329775905889e-01   3.9199782380954551e-01   1.3172069742928240e-02
4.9468748948234248e-01   3.9203608656937988e-01   1.6483707240703499e-02
4.9665801702161877e-01   3.9207520710697913e-01   1.7082049571784726e-02
4.9836021392831187e-01   3.9210020995639788e-01   1.3251676315278725e-02
5.0144277886773803e-01   3.9213303787380294e-01   1.2181751488099716e-02
5.0442426948665620e-01   3.9217377611890769e-01   1.6495776105027723e-02
5.0620609122230464e-01   3.9220618441506677e-01   1.5464689251586635e-02
5.0935867232803878e-01   3.9223974619708102e-01   1.1046083255592544e-02
5.1347932935185914e-01   3.9228741918661042e-01   1.2735628413901707e-02
5.1697428881077656e-01   3.9233538709630605e-01   1.3346098898992435e-02
5.2027021807288576e-01   3.9237819754478170e-01   1.2937371477666685e-02
5.2360270134594356e-01   3.9242113754459323e-01   1.5982314795530188e-02
5.2557777352177504e-01   3.9245632906372757e-01   1.5277792361784439e-02
5.2971656199645101e-01   3.9249753108238933e-01   1.3014585101991116e-02
5.3285220055072324e-01   3.9254560834090763e-01   1.6190599230618108e-02
5.3492914572040440e-01   3.9258041578051539e-01   1.4425345283414621e-02
5.3906648520616929e-01   3.9262086536298463e-01   1.6084365702741705e-02
5.4104704187019870e-01   3.9265870163532490e-01   1.5723425799822738e-02
5.4464803172083620e-01   3.9269318912280243e-01   1.1535959127410759e-02
5.4785026098789513e-01   3.9273570765295968e-01   1.2952164210983743e-02
5.5123239807918201e-01   3.9277835046027487e-01   1.3172531336091208e-02
5.5434169777487985e-01   3.9282092080957609e-01   1.3028613337603238e-02
5.5779416818189820e-01   3.9286336129819827e-01   1.2804321209250376e-02
5.6109565416726948e-01   3.9290724954732226e-01   1.5819360527703958e-02
5.6294225938455522e-01   3.9293907052164140e-01   1.4426718237635968e-02
5.6634323955066923e-01   3.9297056300498662e-01   1.1014083399604432e-02
5.6933365226805011e-01   3.9300811232138211e-01   1.1539805963857985e-02
5.7398098314743307e-01   3.9305439825874106e-01   1.3351255248377190e-02
5.7705102372451844e-01   3.9310226552908090e-01   1.4241939672569063e-02
5.7976391860390908e-01   3.9313766654543159e-01   1.2284551935815550e-02
5.8306163519418408e-01   3.9317511247629183e-01   1.1318288161951061e-02
5.8698672851508671e-01   3.9321936579368844e-01   1.1353879149413867e-02
5.9089686897859506e-01   3.9326407040329919e-01   1.3013771977639666e-02
5.9351019429428897e-01   3.9330084061837406e-01   1.2390955782173349e-02
5.9737451191241409e-01   3.9333912729360415e-01   1.2984630642338095e-02
5.9995513266791711e-01   3.9337793827632261e-01   1.3075027115365708e-02
6.0338271866131343e-01   3.9341381120442070e-01   1.1244384334830283e-02
6.0682215032602493e-01   3.9345517213623438e-01   1.1929294960443870e-02
6.0996708295053081e-01   3.9349241227439807e-01   1.1708139364733545e-02
6.1275308628367486e-01   3.9352470250686966e-01   1.2343740547305302e-02
6.1483500618385745e-01   3.9355157358217635e-01   1.1736828989576783e-02
6.1753477666581991e-01   3.9357916402629006e-01   1.0509954762633068e-02
6.2082860045806010e-01   3.9361494897652988e-01   1.1834886380578931e-02
6.2367410184369521e-01   3.9365101116188367e-01   1.3931572986333600e-02
6.2560975377277139e-01   3.9367963450455679e-01   1.2718548835353663e-02
6.2900167646921612e-01   3.9371047773311785e-01   1.3623931672523393e-02
6.3073432228880444e-01   3.9373809321228914e-01   1.3103141956579058e-02
6.3308465139803183e-01   3.9375985072305436e-01   1.3681665311614962e-02
6.3427768615544555e-01   3.9377885281859593e-01   1.3472648630271221e-02
6.3548305266668359e-01   3.9379210268174836e-01   1.3185884904455290e-02
6.3624281542129479e-01   3.9380317126970843e-01   1.3004523821655936e-02
6.3700760753840369e-01   3.9381191300842888e-01   1.1496049133842700e-02
6.3777751463791377e-01   3.9382081492303611e-01   1.1607046636889471e-02
6.3855262460383810e-01   3.9382984656051628e-01   1.0768097642802061e-02
6.3991118957319293e-01   3.9384237079205020e-01   1.4546550080208023e-02
6.4059660995807166e-01   3.9385418369388886e-01   1.4280181552183807e-02
6.4128620602739905e-01   3.9386198152859975e-01   1.0552541646416363e-02
6.4235600409457405e-01   3.9387201712606429e-01   1.0452278304946064e-02
6.4343609387598899e-01   3.9388447491480916e-01   1.2523961221281549e-02
6.4425306660467652e-01   3.9389531837983266e-01   1.2181636646435895e-02
6.4507607968141389e-01   3.9390443939600334e-01   1.0886035949308598e-02
6.4590524582168662e-01   3.9391330163582844e-01   1.0469342930143717e-02
6.4674068095624071e-01   3.9392186392400608e-01   9.2734103290866947e-03
6.4843083686388614e-01   3.9393420192599465e-01   1.1424272841682671e-02
6.4928580858277463e-01   3.9394575310049285e-01   1.3180049202155871e-02
6.4971582414909235e-01   3.9395134923686864e-01   1.0779256451250597e-02
6.5014754824590182e-01   3.9395503436257717e-01   7.7940435915557953e-03
6.5101618961205954e-01   3.9396050813879252e-01   7.2398591552958972e-03
6.5189187125061221e-01   3.9396767628107299e-01   8.1075204452853607e-03
6.5277473576362666e-01   3.9397476445871932e-01   7.9478792882174930e-03
6.5366493041277685e-01   3.9398176715277078e-01   7.3900978442541804e-03
6.5486352150745109e-01   3.9398985606749848e-01   7.1102990323126175e-03
6.5607578670911293e-01   3.9399891900784906e-01   7.3228015263106100e-03
6.5730211542390993e-01   3.9400770907167343e-01   6.4858120798997497e-03
6.5930614888271610e-01   3.9401847342858415e-01   4.9165845542418667e-03
6.6343387948956101e-01   3.9403490141420122e-01   4.5947673487413071e-03
6.6556159045433716e-01   3.9404535210845348e-01   2.1495206803237993e-03
6.6773476710315360e-01   3.9404768775252780e-01   0.0000000000000000e+00
6.6883915314134501e-01   3.9404686825734586e-01   -1.0181005515806927e-03
6.6995582453617442e-01   3.9404541967192108e-01   -1.5752374392090068e-03
6.7108511347820177e-01   3.9404332328148872e-01   -1.8986988076219414e-03
6.7280346893091836e-01   3.9403994999366659e-01   -3.0108580365665002e-03
6.7396585927422248e-01   3.9403562633686812e-01   -4.7308688364012088e-03
6.7455224384377743e-01   3.9403255309234675e-01   -4.4693558042586011e-03
6.7573564171446898e-01   3.9402910695444743e-01   -5.5022855530116044e-03
6.7633275975346108e-01   3.9402504102578895e-01   -5.9567257074462036e-03
6.7693356104677760e-01   3.9402197757709473e-01   -4.8545926240122494e-03
6.7814643352809578e-01   3.9401668785461474e-01   -7.8690443633620336e-03
6.7875862014965127e-01   3.9401078665831513e-01   -8.2326494373670712e-03
6.7937471848137510e-01   3.9400658685703194e-01   -6.3837393459327263e-03
6.8061889138672604e-01   3.9399973238717323e-01   -1.0128545267401100e-02
6.8124709258427663e-01   3.9399190444039223e-01   -1.0799276578665196e-02
6.8187945652935844e-01   3.9398613307515135e-01   -9.4745451635175996e-03
6.8251604832561408e-01   3.9397987871038997e-01   -1.0145104720743965e-02
6.8315693808720168e-01   3.9397317012805411e-01   -1.0828535853562969e-02
6.8380219476676651e-01   3.9396594846450850e-01   -1.1479146318460793e-02
6.8445189076813284e-01   3.9395830261783482e-01   -1.1071774219124721e-02
6.8557743363848656e-01   3.9394719910946541e-01   -1.6515473000608002e-02
6.8614531143528223e-01   3.9393591488425445e-01   -1.6815291745138947e-02
6.8671665859737385e-01   3.9392806397600927e-01   -1.2706779396401713e-02
6.8786996535514255e-01   3.9391581697331507e-01   -1.8278195589193282e-02
6.8845203352255202e-01   3.9390292780909536e-01   -1.8658367784001581e-02
6.8903778439405494e-01   3.9389405312855619e-01   -1.3986934183419916e-02
6.9022055589385201e-01   3.9388028979300727e-01   -1.9897312946436221e-02
6.9081769507581181e-01   3.9386591790890313e-01   -2.0299350194796388e-02
6.9141875083024962e-01   3.9385599683077005e-01   -1.6673365075197843e-02
6.9202378268180620e-01   3.9384580703530225e-01   -1.7031167673288751e-02
6.9263285774124106e-01   3.9383531763557145e-01   -1.6022339953361317e-02
6.9371078913294915e-01   3.9382033496607249e-01   -2.2963774791074459e-02
6.9425460375723891e-01   3.9380536010355394e-01   -2.3267400910380303e-02
6.9480171416126590e-01   3.9379498020271803e-01   -1.8424614001532391e-02
6.9544180904110409e-01   3.9378359679681202e-01   -1.8519435124852969e-02
6.9608649865975969e-01   3.9377117993643096e-01   -1.9438902759190455e-02
6.9673586358652229e-01   3.9375844011943528e-01   -1.9780211946189386e-02
6.9738998620019621e-01   3.9374539513591944e-01   -1.9166096569958827e-02
6.9822147937592272e-01   3.9373027951568723e-01   -2.6797269682125875e-02
6.9864016729401013e-01   3.9371724285179255e-01   -2.6097414326338515e-02
6.9906084424127501e-01   3.9370839435820304e-01   -1.9317893788158427e-02
7.0002521336267731e-01   3.9369355851135945e-01   -1.8617700134469947e-02
7.0100027389200958e-01   3.9367221710945821e-01   -2.9882577867993986e-02
7.0149190181357757e-01   3.9365554411997988e-01   -2.8527845700047384e-02
7.0198631099544717e-01   3.9364411763955226e-01   -2.3304670744318540e-02
7.0248353915692119e-01   3.9363243324534569e-01   -2.3780000924279190e-02
7.0298362295174088e-01   3.9362039995117154e-01   -2.2183014792605336e-02
7.0394820825619575e-01   3.9360249949804671e-01   -2.1776024922504657e-02
7.0492367487766561e-01   3.9357808289708757e-01   -2.9636433779685799e-02
7.0555804874516515e-01   3.9355738221083653e-01   -2.9189942027471376e-02
7.0619714601186212e-01   3.9354094298297310e-01   -2.5695850363318291e-02
7.0684105870363134e-01   3.9352441443728714e-01   -2.5535003728500510e-02
7.0748987074645020e-01   3.9350793456928856e-01   -2.3226471688577010e-02
7.0861439310253305e-01   3.9348605226892580e-01   -2.9765779406628730e-02
7.0918232763157463e-01   3.9346619099113955e-01   -2.8452823593782501e-02
7.0975413188383618e-01   3.9345367410191900e-01   -1.9611197063047453e-02
7.1078182891864750e-01   3.9343772914035896e-01   -2.2547612214358432e-02
7.1130048967622883e-01   3.9342419379061261e-01   -2.0533826812435714e-02
7.1182242897609527e-01   3.9341639823071173e-01   -1.3357458892592343e-02
7.1252478010137232e-01   3.9340850829351837e-01   -1.0930336438985123e-02
7.1323321637284320e-01   3.9340098155671344e-01   -1.0243867250160073e-02
7.1377014077262679e-01   3.9339563624190454e-01   -8.4821366565299341e-03
7.1431064834798430e-01   3.9339185322485010e-01   -6.3654540086568777e-03
7.1485480234662380e-01   3.9338873651454054e-01   -5.1515718315336143e-03
7.1540266448150602e-01   3.9338623191202426e-01   -3.9066161079961519e-03
7.1650976323567894e-01   3.9338339457619637e-01   -3.4352496332662030e-03
7.1706913851791854e-01   3.9338122641705070e-01   -2.9869466260950008e-03
7.1763248118946010e-01   3.9338004815734345e-01   -1.8793661428355422e-03
7.1828320652464295e-01   3.9337898469724858e-01   -1.6493357765282358e-03
7.1893934598326725e-01   3.9337789253465599e-01   -1.5774299420281107e-03
7.1955363659826344e-01   3.9337697362537044e-01   -1.5149133107362754e-03
7.2017278000445450e-01   3.9337602380364761e-01   -1.4904363258718058e-03
7.2079687362587341e-01   3.9337512109366096e-01   -1.3946495918448114e-03
7.2142601107885707e-01   3.9337427650993179e-01   -1.1556728948674433e-03
7.2260274338548924e-01   3.9337332767257394e-01   -6.6884810254049670e-04
7.2379773026607486e-01   3.9337269524842045e-01   0.0000000000000000e+00
7.2624841173242183e-01   3.9337421178756143e-01   1.2376468846025878e-03
7.2787049649889857e-01   3.9337923777534506e-01   3.7514580790668863e-03
7.2952856119371068e-01   3.9338656464051969e-01   4.8867123850721925e-03
7.3180033227868124e-01   3.9339912217893108e-01   7.0982770055797919e-03
7.3397867851317355e-01   3.9341786536779183e-01   9.7535936339031345e-03
7.3604957148555006e-01   3.9344032663674317e-01   1.1738417679409429e-02
7.3818513755756054e-01   3.9346735975119318e-01   1.4208013890925431e-02
7.3886582974893622e-01   3.9347715866849647e-01   1.4736214272227946e-02
7.3954652194031179e-01   3.9348762995414327e-01   1.6183556880940277e-02
7.4022721413168746e-01   3.9349939926107053e-01   1.8550041717062898e-02
7.4071068894833580e-01   3.9350909542630669e-01   2.1146326086667996e-02
7.4119416376498426e-01   3.9351944642067199e-01   2.1258886548811966e-02
7.4167763858163249e-01   3.9352925142620576e-01   1.8887723103495613e-02
7.4217148436463265e-01   3.9353826258172420e-01   1.7638109679650446e-02
7.4266533014763259e-01   3.9354670407328379e-01   1.6580671070375329e-02
7.4315917593063274e-01   3.9355467080560630e-01   1.5715407275669301e-02
7.4410661471210382e-01   3.9356719902762904e-01   1.1516088823377667e-02
7.4505405349357490e-01   3.9357797984680293e-01   1.2026719662112689e-02
7.4600149227504586e-01   3.9359147565174496e-01   1.7247299791873484e-02
7.4660558828885193e-01   3.9360315246463667e-01   2.0827232975113717e-02
7.4720968430265788e-01   3.9361593304396003e-01   2.0901574630586055e-02
7.4781378031646373e-01   3.9362769967584721e-01   1.7470324758292348e-02
7.4843467716337508e-01   3.9363757492557183e-01   1.4690777081214721e-02
7.4905557401028633e-01   3.9364637904473632e-01   1.4020055795145670e-02
7.4967647085719780e-01   3.9365542139699755e-01   1.5458160900085399e-02
7.5026936123252863e-01   3.9366488709872138e-01   1.6310539185648665e-02
7.5086225160785958e-01   3.9367457002653666e-01   1.6190930735616546e-02
7.5145514198319041e-01   3.9368389389886282e-01   1.5099335549989100e-02
7.5259419024591379e-01   3.9369771027130562e-01   1.0354092263208874e-02
7.5373323850863716e-01   3.9371020139616247e-01   1.2772397123585905e-02
7.5487228677136053e-01   3.9372952690050517e-01   2.2354250131120537e-02
7.5546492665667520e-01   3.9374479031294851e-01   2.8235755710549017e-02
7.5605756654199008e-01   3.9376190383130416e-01   2.8597859304969164e-02
7.5665020642730474e-01   3.9377759643781285e-01   2.3440560914380699e-02
7.5717202558222574e-01   3.9378899449064458e-01   2.0516325165218733e-02
7.5769384473714663e-01   3.9379929093969945e-01   1.9218394033239980e-02
7.5821566389206740e-01   3.9380933442187832e-01   1.9546767518442715e-02
7.5875027551054330e-01   3.9381973438776058e-01   1.9282416380729295e-02
7.5928488712901909e-01   3.9382986883170507e-01   1.8553441041519361e-02
7.5981949874749477e-01   3.9383948936021546e-01   1.7359841500813211e-02
7.6085095363785937e-01   3.9385361785656470e-01   1.1402871327971721e-02
7.6188240852822398e-01   3.9386583335122410e-01   1.3650514592364191e-02
7.6291386341858847e-01   3.9388459853284707e-01   2.4102771293989866e-02
7.6340835756709569e-01   3.9389833788396633e-01   3.0386666413681228e-02
7.6390285171560290e-01   3.9391358260204212e-01   3.0191284013731390e-02
7.6439734586411012e-01   3.9392712872225444e-01   2.3516624094140352e-02
7.6490341438446030e-01   3.9393771785420095e-01   1.8749289348585808e-02
7.6540948290481037e-01   3.9394652794125939e-01   1.6485778204679370e-02
7.6591555142516043e-01   3.9395482608973509e-01   1.6726090662418792e-02
7.6689052672493785e-01   3.9396770993673508e-01   1.0971531230470411e-02
7.6786550202471526e-01   3.9397869364005228e-01   1.2828261285103540e-02
7.6884047732449268e-01   3.9399519801893551e-01   2.2296280826318175e-02
7.6930714525074428e-01   3.9400714848503665e-01   2.7941536491299643e-02
7.6977381317699578e-01   3.9402036374836641e-01   2.7716825747218687e-02
7.7024048110324728e-01   3.9403210448387366e-01   2.1622148594077351e-02
7.7067020828055599e-01   3.9404051809037349e-01   1.7829954940814800e-02
7.7109993545786493e-01   3.9404768137247276e-01   1.5802994179061929e-02
7.7152966263517386e-01   3.9405435289871926e-01   1.5541266308820217e-02
7.7229826241475086e-01   3.9406466042223603e-01   1.1833851991316926e-02
7.7306686219432807e-01   3.9407339481649906e-01   1.1447772410932432e-02
7.7383546197390507e-01   3.9408310885865505e-01   1.4383027567666963e-02
7.7454335980253264e-01   3.9409321555824284e-01   1.4517556888331317e-02
7.7525125763115998e-01   3.9410415327626536e-01   1.6730876088104963e-02
7.7595915545978744e-01   3.9411739358356429e-01   2.1022985166989246e-02
7.7632223715061432e-01   3.9412582416344732e-01   2.4734856565127031e-02
7.7668531884144132e-01   3.9413486048020968e-01   2.4359627551595264e-02
7.7704840053226831e-01   3.9414301858252332e-01   1.9897298126392186e-02
7.7768748765797080e-01   3.9415331016112015e-01   1.3142324270877529e-02
7.7832657478367340e-01   3.9416088084324685e-01   1.1382351225633443e-02
7.7896566190937599e-01   3.9416892286961414e-01   1.4617378990660642e-02
7.7979330418384052e-01   3.9418135270812538e-01   1.5457648138231471e-02
7.8062094645830504e-01   3.9419457304941025e-01   1.6527631277309471e-02
7.8144858873276968e-01   3.9420877401447924e-01   1.7827328407894649e-02
7.8222711244530541e-01   3.9422279671091992e-01   1.8382826468541003e-02
7.8300563615784124e-01   3.9423768708974666e-01   2.0056373900108778e-02
7.8378415987037720e-01   3.9425431557890639e-01   2.2847970702598464e-02
7.8429100159520793e-01   3.9426680346251547e-01   2.5897320830965770e-02
7.8479784332003855e-01   3.9428002802526352e-01   2.5754910297072199e-02
7.8530468504486917e-01   3.9429237154967134e-01   2.2420739100918758e-02
7.8582415576453624e-01   3.9430328374794632e-01   1.9853796403728807e-02
7.8634362648420331e-01   3.9431327045514786e-01   1.8857531249607165e-02
7.8686309720387049e-01   3.9432314759226961e-01   1.9431943638554116e-02
7.8739593394094942e-01   3.9433346280487763e-01   1.9268513595597888e-02
7.8792877067802813e-01   3.9434366273637506e-01   1.8999236572663416e-02
7.8846160741510707e-01   3.9435369098760253e-01   1.8624112569750471e-02
7.8900862220434187e-01   3.9436377002055706e-01   1.8243533042610501e-02
7.8955563699357656e-01   3.9437366811533736e-01   1.7962564919584548e-02
7.9010265178281136e-01   3.9438343976085466e-01   1.7781208200672510e-02
7.9066475234272093e-01   3.9439336015116366e-01   1.7523184697949220e-02
7.9122685290263062e-01   3.9440314702151008e-01   1.7306133197897856e-02
7.9178895346254008e-01   3.9441282340227968e-01   1.7130053700518524e-02
7.9236715263430890e-01   3.9442212408782246e-01   1.5512837191226380e-02
7.9294535180607773e-01   3.9443130786429548e-01   1.6725663395075939e-02
7.9352355097784655e-01   3.9444201106005139e-01   2.0768532312067198e-02
7.9381871800367809e-01   3.9444873983879020e-01   2.4145877209863657e-02
7.9411388502950919e-01   3.9445586458397153e-01   2.3451531481281561e-02
7.9440905205534074e-01   3.9446218346678313e-01   1.8685495126318043e-02
7.9499647624142167e-01   3.9447020240570951e-01   9.7754147374785605e-03
7.9558390042750282e-01   3.9447502959479291e-01   7.8185614229947104e-03
7.9617132461358386e-01   3.9448074952778822e-01   1.2814935182869568e-02
7.9672943921306361e-01   3.9448824345392375e-01   1.4094341617801929e-02
7.9728755381254324e-01   3.9449654325938782e-01   1.5702798461545920e-02
7.9784566841202287e-01   3.9450583259201760e-01   1.7640305714101766e-02
7.9852688084752221e-01   3.9451646249748595e-01   1.5127442044808443e-02
7.9920809328302145e-01   3.9452856656793400e-01   2.1968368159494066e-02
7.9988930571852068e-01   3.9454851672128166e-01   3.8163084058159061e-02
8.0033089388443790e-01   3.9456801852272927e-01   4.9029339205969080e-02
8.0077248205035501e-01   3.9459081735198553e-01   5.3095675386951938e-02
8.0121407021627211e-01   3.9461391044530547e-01   5.0362092601111026e-02
8.0166543659157119e-01   3.9463648579935190e-01   5.0012616762498172e-02
8.0211680296687027e-01   3.9465936859368872e-01   5.1724357524772210e-02
8.0256816934216924e-01   3.9468348919218177e-01   5.5497314887931963e-02
8.0299691097207671e-01   3.9470828247267264e-01   5.9644598045983391e-02
8.0342565260198417e-01   3.9473419257742498e-01   6.0707092448990745e-02
8.0385439423189153e-01   3.9475989692908009e-01   5.8684798096954718e-02
8.0425875247846335e-01   3.9478398260846986e-01   5.9892247544531242e-02
8.0466311072503505e-01   3.9480788527244021e-01   5.7779583866806497e-02
8.0506746897160675e-01   3.9483026240586933e-01   5.2346807063781260e-02
8.0547990299319261e-01   3.9485137981307339e-01   4.9667435463249254e-02
8.0589233701477825e-01   3.9487091014596193e-01   4.4650670312531511e-02
8.0630477103636400e-01   3.9488788938391306e-01   3.7296511611624950e-02
8.0703036150486696e-01   3.9491175328815842e-01   2.7964656962931551e-02
8.0775595197336980e-01   3.9492772130778825e-01   1.5532486425724509e-02
8.0848154244187276e-01   3.9493354388314439e-01   0.0000000000000000e+00
8.0885382078376811e-01   3.9493217061214159e-01   -7.2265569415296558e-03
8.0922609912566346e-01   3.9492827580461237e-01   -1.3546512072687955e-02
8.0959837746755881e-01   3.9492219696877540e-01   -1.8959865393474901e-02
8.1033542425078664e-01   3.9490704767768731e-01   -2.4254871808424013e-02
8.1107247103401436e-01   3.9488333761655436e-01   -4.2189788485688606e-02
8.1180951781724209e-01   3.9484175058017740e-01   -7.2764615425268520e-02
8.1214560503071642e-01   3.9480103363018604e-01   -1.5919120336934681e-01
8.1248169224419076e-01   3.9474169935466707e-01   -1.8355327254293669e-01
8.1281777945766509e-01   3.9468460684478968e-01   -1.4585082294603816e-01
8.1315903169662385e-01   3.9463660937958728e-01   -1.3635789871274129e-01
8.1350028393558260e-01   3.9459092311288890e-01   -1.3230542608028298e-01
8.1384153617454136e-01   3.9454569147840479e-01   -1.3369340504866326e-01
8.1443817512509842e-01   3.9447059621301633e-01   -1.2136672858206904e-01
8.1503481407565526e-01   3.9439689068389439e-01   -1.2903485479752719e-01
8.1563145302621232e-01   3.9431264521295006e-01   -1.5669778369504353e-01
8.1624366659738479e-01   3.9421563142201416e-01   -1.6387872496134812e-01
8.1685588016855737e-01   3.9410752023940110e-01   -1.9295111815102470e-01
8.1746809373972995e-01   3.9397490942115082e-01   -2.4391496326408860e-01
8.1778040719348277e-01   3.9389009386691776e-01   -2.9050404171049776e-01
8.1809272064723559e-01   3.9379890250650190e-01   -2.8474449594141271e-01
8.1840503410098842e-01   3.9371768451953126e-01   -2.2663632595683331e-01
8.1867660286294053e-01   3.9366100140468280e-01   -1.9282698824495806e-01
8.1894817162489275e-01   3.9361185914014368e-01   -1.7110084937868089e-01
8.1921974038684497e-01   3.9356697630656301e-01   -1.6145790935799792e-01
8.1977209194588452e-01   3.9350053819299302e-01   -9.1719179314790525e-02
8.2032444350492406e-01   3.9345172077818324e-01   -9.7655432577264278e-02
8.2087679506396360e-01   3.9337872486712450e-01   -1.7926666914543249e-01
8.2111748977382781e-01   3.9332833447349091e-01   -2.2916637523840705e-01
8.2135818448369224e-01   3.9327335282702758e-01   -2.1741667944095117e-01
8.2159887919355656e-01   3.9322861861263592e-01   -1.4401758175303844e-01
8.2208700233345811e-01   3.9317737639063233e-01   -7.3456839310899275e-02
8.2257512547335965e-01   3.9314956694003089e-01   -4.8005860584345680e-02
8.2306324861326108e-01   3.9312317114132644e-01   -6.7664645573368126e-02
8.2356085361871945e-01   3.9308888715413687e-01   -6.8776581251386970e-02
8.2405845862417781e-01   3.9305607227306905e-01   -6.1759937599550459e-02
8.2455606362963640e-01   3.9302877131988478e-01   -4.6614714617851272e-02
8.2502749583789237e-01   3.9300963533641642e-01   -3.4954867225987757e-02
8.2549892804614833e-01   3.9299544849707652e-01   -2.5618507563030725e-02
8.2597036025440429e-01   3.9298511543491416e-01   -1.8605635628982025e-02
8.2619098132432267e-01   3.9298108312877461e-01   -1.7156392962797730e-02
8.2641160239424105e-01   3.9297789482190870e-01   -1.0954514419803722e-02
8.2663222346415954e-01   3.9297659904592852e-01   5.0334737572908868e-16
8.2707883620952449e-01   3.9297705120350118e-01   2.0248305823288640e-03
8.2752544895488966e-01   3.9297840767621905e-01   4.0496611646582310e-03
8.2797206170025472e-01   3.9298066846408225e-01   6.0744917469870933e-03
8.2836030063076393e-01   3.9298429343706437e-01   1.2029679003451572e-02
8.2874853956127337e-01   3.9298956683935499e-01   1.4566320767648624e-02
8.2913677849178258e-01   3.9299516145850832e-01   1.3684417039575344e-02
8.2952982077742687e-01   3.9300083630372118e-01   1.5024577102683963e-02
8.2992286306307117e-01   3.9300684036325995e-01   1.5359627763567495e-02
8.3031590534871558e-01   3.9301277858662792e-01   1.4689569022225608e-02
8.3071393679783656e-01   3.9301870221535212e-01   1.4936277848763856e-02
8.3111196824695754e-01   3.9302455832588729e-01   1.4350308447467063e-02
8.3150999969607853e-01   3.9303001548611161e-01   1.2931660818335224e-02
8.3191322323274186e-01   3.9303506036197083e-01   1.2047367667277695e-02
8.3231644676940519e-01   3.9303969581148807e-01   1.0900894730755820e-02
8.3271967030606853e-01   3.9304381611760297e-01   9.4922420087696028e-03
8.3312830300012075e-01   3.9304738214885787e-01   8.0203136510270823e-03
8.3353693569417275e-01   3.9305041912293021e-01   6.9028398867659749e-03
8.3394556838822487e-01   3.9305307188155542e-01   6.1398207159852293e-03
8.3456915924445807e-01   3.9305610140711178e-01   3.8586671069537420e-03
8.3519275010069138e-01   3.9305823616954544e-01   3.2701085843517075e-03
8.3581634095692448e-01   3.9306053165567567e-01   4.3741451481789885e-03
8.3618111662176176e-01   3.9306220892153765e-01   4.7477316631246002e-03
8.3654589228659904e-01   3.9306394118353227e-01   4.6756791481044778e-03
8.3691066795143632e-01   3.9306556588338615e-01   4.1579876031186212e-03
8.3727923478935884e-01   3.9306702473805538e-01   3.7837952130581258e-03
8.3764780162728136e-01   3.9306837378314335e-01   3.5621142367388905e-03
8.3801636846520389e-01   3.9306966922929965e-01   3.4929446741609163e-03
8.3876540529807242e-01   3.9307218123360299e-01   3.2101097219481680e-03
8.3951444213094106e-01   3.9307447186219557e-01   2.9018503485789609e-03
8.4026347896380960e-01   3.9307652207124949e-01   2.5681665540533845e-03
8.4083646672736034e-01   3.9307815647059896e-01   2.9331573287126136e-03
8.4140945449091120e-01   3.9307965018290386e-01   2.0771018106947080e-03
8.4198244225446184e-01   3.9308030356357981e-01   5.2085072366203633e-16
8.4237015124529746e-01   3.9307993642584826e-01   -1.7793385371738465e-03
8.4275786023613308e-01   3.9307901265231160e-01   -2.8714103528598052e-03
8.4314556922696859e-01   3.9307779870245690e-01   -3.2762154470572522e-03
8.4365835528354205e-01   3.9307617159143771e-01   -3.3689840154131857e-03
8.4417114134011551e-01   3.9307403687922288e-01   -5.2559931306766098e-03
8.4468392739668907e-01   3.9307047450427779e-01   -8.9372427928485175e-03
8.4502951867875542e-01   3.9306685599051855e-01   -1.1706219451795884e-02
8.4537510996082188e-01   3.9306258902337099e-01   -1.2689961231859864e-02
8.4572070124288823e-01   3.9305829056444574e-01   -1.1888468133039832e-02
8.4606941009844583e-01   3.9305419223683052e-01   -1.1708047925277403e-02
8.4641811895400332e-01   3.9305006184670122e-01   -1.2072360876755367e-02
8.4676682780956092e-01   3.9304570944078127e-01   -1.2981406987473958e-02
8.4711878452753953e-01   3.9304100122558833e-01   -1.3735833214295161e-02
8.4747074124551824e-01   3.9303606683964981e-01   -1.4266626072668948e-02
8.4782269796349696e-01   3.9303098499223210e-01   -1.4573785562595212e-02
8.4817805098992405e-01   3.9302569078230370e-01   -1.5166539687371930e-02
8.4853340401635113e-01   3.9302024625122006e-01   -1.5419823975159454e-02
8.4888875704277833e-01   3.9301477203061524e-01   -1.5333638425957705e-02
8.4924766164840149e-01   3.9300926117701840e-01   -1.5386247684022308e-02
8.4960656625402464e-01   3.9300372003747025e-01   -1.5502407234472597e-02
8.4996547085964769e-01   3.9299812580347815e-01   -1.5682117077308516e-02
8.5091949482304952e-01   3.9298297711098962e-01   -1.4784306879871669e-02
8.5188005817426005e-01   3.9296983431989091e-01   -1.2137365720633014e-02
8.5382161312071048e-01   3.9295233220586440e-01   -1.5043783962958935e-02
8.5480339007662698e-01   3.9293456931574516e-01   -1.4874809933285731e-02
8.5579284477206685e-01   3.9292306011350608e-01   -1.1582215004148208e-02
8.5679032860465165e-01   3.9291155696702212e-01   -1.1542525572435817e-02
8.5779621399237838e-01   3.9289993599819856e-01   -1.2181239184845554e-02
8.5868846863676040e-01   3.9288856998486943e-01   -1.2412679185847647e-02
8.5958548978827498e-01   3.9287772940641502e-01   -1.0920879859508303e-02
8.6139447000762193e-01   3.9286222087658829e-01   -1.3078663695572305e-02
8.6230706936360890e-01   3.9284821096731409e-01   -1.1354654547047968e-02
8.6322533734671425e-01   3.9284147746616438e-01   -6.6152989954478452e-03
8.6414954700775481e-01   3.9283603098104375e-01   -5.5987470167369645e-03
8.6507999067257491e-01   3.9283109741410249e-01   -5.7980081056344763e-03
8.6590773048889547e-01   3.9282593320583076e-01   -5.7008147161298380e-03
8.6757257947192079e-01   3.9281824410214916e-01   -8.1947079467098258e-03
8.6841016118132008e-01   3.9280987340236201e-01   -7.3032304474692760e-03
8.6925133722818659e-01   3.9280600313117131e-01   -3.8073035831441056e-03
8.7009629319224890e-01   3.9280345979979187e-01   -2.6539031120759731e-03
8.7094522099328342e-01   3.9280151056327284e-01   -1.9677017050658214e-03
8.7265563211468322e-01   3.9279927673836434e-01   -2.6120327218930083e-03
8.7341956103080876e-01   3.9279544526692789e-01   -3.7482240437810457e-03
8.7418522909121732e-01   3.9279354787910459e-01   -2.0557584687353786e-03
8.7572203643746382e-01   3.9279169127029134e-01   -2.4161894043243873e-03
8.7648433773112855e-01   3.9278938535147045e-01   -5.2547285075547619e-04
8.7726726421569623e-01   3.9278917964816457e-01   0.0000000000000000e+00
8.7803395279102947e-01   3.9278993201267542e-01   1.6513729427274535e-03
8.7882178710760617e-01   3.9279177547365252e-01   2.5370555091141617e-03
8.8030078085665753e-01   3.9279607513900539e-01   3.3897321636725338e-03
8.8099177600291501e-01   3.9279857322108824e-01   2.7581714129836163e-03
8.8170034586434498e-01   3.9279990487223093e-01   1.8213721459672679e-03
8.8310212903442253e-01   3.9280229725621330e-01   3.2146394824937542e-03
8.8379548236535910e-01   3.9280504329177890e-01   4.1344408688406735e-03
8.8520177564343505e-01   3.9281135362210162e-01   7.7970229614556423e-03
8.8591517353192717e-01   3.9281811382155546e-01   8.2439117501583153e-03
8.8732757707471233e-01   3.9282631208641272e-01   9.2001278802422686e-03
8.8795158655382400e-01   3.9283298920574233e-01   8.8327934339352369e-03
8.8859079169555921e-01   3.9283741235165731e-01   6.3499119391589847e-03
8.8985131573808041e-01   3.9284400005463438e-01   7.2225572290028298e-03
8.9047273809317073e-01   3.9284909991546180e-01   7.2515751858814037e-03
8.9110956874111724e-01   3.9285309457058970e-01   6.8774292572238568e-03
8.9172983868167621e-01   3.9285772576715833e-01   7.3839193522237286e-03
8.9298473827489067e-01   3.9286678238491424e-01   1.2768641930966272e-02
8.9361961911966681e-01   3.9287667213631078e-01   1.3411204833053492e-02
8.9480510281043169e-01   3.9288777595814156e-01   1.0825925524629625e-02
8.9591953289589499e-01   3.9290136965062722e-01   1.5063500411393023e-02
8.9646674609060195e-01   3.9291038257400651e-01   1.3733247159500167e-02
8.9756984746146617e-01   3.9291944473846974e-01   9.5107205248426158e-03
8.9866519463955041e-01   3.9293127138245265e-01   1.5804848861212539e-02
8.9921718140535045e-01   3.9294138842209142e-01   1.6111986885091398e-02
9.0030056187770624e-01   3.9295413095852794e-01   1.4710824504932430e-02
9.0126469175433988e-01   3.9297084435788865e-01   2.1316105995202284e-02
9.0173578696301648e-01   3.9298180262468374e-01   1.8836352009727317e-02
9.0244789300159622e-01   3.9299045306045211e-01   1.2797233005808043e-02
9.0315596261661746e-01   3.9299997171454565e-01   1.2854649614971113e-02
9.0408229372329363e-01   3.9301116624424665e-01   1.2556854786981996e-02
9.0544024464198891e-01   3.9302915754011314e-01   1.8444556752792184e-02
9.0628774106831778e-01   3.9304753735689474e-01   1.9514298144888795e-02
9.0707352468452151e-01   3.9306128827992914e-01   1.7142993821114526e-02
9.0784287772844163e-01   3.9307420865201770e-01   1.5807299823297309e-02
9.0897058738435932e-01   3.9309040400312945e-01   2.1087504521145193e-02
9.0951343455014322e-01   3.9310360893298801e-01   1.9963575422438547e-02
9.1004924394290998e-01   3.9311199884062509e-01   1.4791402120786893e-02
9.1071487668820350e-01   3.9312112756738171e-01   1.3763722291736854e-02
9.1162975759220555e-01   3.9313378180586261e-01   1.6225493156062296e-02
9.1249514006923083e-01   3.9314978263878220e-01   1.9215662581295510e-02
9.1332801591884827e-01   3.9316636866666527e-01   1.8898795082879852e-02
9.1426934590531406e-01   3.9318307840938377e-01   2.0137812759705064e-02
9.1492673638729671e-01   3.9319741250091800e-01   2.1027494088375249e-02
9.1555251774256541e-01   3.9321010823957714e-01   1.9340138724462132e-02
9.1648690331359095e-01   3.9322685720391620e-01   2.0019924535950705e-02
9.1725780775601962e-01   3.9324362300937338e-01   1.9909020245580642e-02
9.1806724598704592e-01   3.9325817499239296e-01   1.8747280125410604e-02
9.1888141735552753e-01   3.9327406857800151e-01   2.0857858298342656e-02
9.1966632655373992e-01   3.9329145156583073e-01   2.2146602764381709e-02
9.2041217584227530e-01   3.9330796966994563e-01   2.0190816780462147e-02
9.2120199133875580e-01   3.9332228083706994e-01   2.0136648596142014e-02
9.2165237160011881e-01   3.9333186800102682e-01   1.8134994242887129e-02
9.2220286687286745e-01   3.9333973047627524e-01   1.4383481737096812e-02
9.2305072174747982e-01   3.9335205738431644e-01   1.6713897143700269e-02
9.2394676111185536e-01   3.9336909329982855e-01   2.1234176405756307e-02
9.2459473080887833e-01   3.9338389344955338e-01   2.2374313731952117e-02
9.2506095117101850e-01   3.9339416832559593e-01   2.0322136367121151e-02
9.2549768661454068e-01   3.9340234146337916e-01   1.7276574665141032e-02
9.2638763590690221e-01   3.9341510970724936e-01   1.6654683441518502e-02
9.2732931922829009e-01   3.9343309241941810e-01   2.1085395527063403e-02
9.2810605920017097e-01   3.9345074464752927e-01   2.5629851647507036e-02
9.2854879701372506e-01   3.9346282475151029e-01   2.2572637849910947e-02
9.2914409060985870e-01   3.9347249024287584e-01   1.7547235932576295e-02
9.2959691965318625e-01   3.9348088763152916e-01   1.6675437211809641e-02
9.3006253291385821e-01   3.9348775721195189e-01   1.3769711949883171e-02
9.3095182447250846e-01   3.9349833098028997e-01   1.6339785148239309e-02
9.3155175619374719e-01   3.9350993463099532e-01   1.7099825365202072e-02
9.3233907195000976e-01   3.9352108130967600e-01   1.7929993350486621e-02
9.3278386363705834e-01   3.9353000430622931e-01   1.7301669277469331e-02
9.3366310602933211e-01   3.9354042071195311e-01   1.3249267655645422e-02
9.3474781586523381e-01   3.9355666879460544e-01   2.0024482730503751e-02
9.3524479185821874e-01   3.9356776927797332e-01   1.7648636841999573e-02
9.3603431512726143e-01   3.9357582395246576e-01   1.1863524295985426e-02
9.3651370276513235e-01   3.9358199482724099e-01   1.3956012240577518e-02
9.3677205637041228e-01   3.9358575128636364e-01   1.2773304625456091e-02
9.3736133626147111e-01   3.9359090375029038e-01   1.0995516098572904e-02
9.3796205434087243e-01   3.9359888794243558e-01   1.3662316778927425e-02
9.3860768886648660e-01   3.9360796641044088e-01   1.4654389004883797e-02
9.3913077369737819e-01   3.9361588324340158e-01   1.4321433772233922e-02
9.3951356012327925e-01   3.9362113742931371e-01   1.1836240585949910e-02
9.4016336141503642e-01   3.9362674391817409e-01   9.9982754184154646e-03
9.4065856797537684e-01   3.9363221225823580e-01   9.9462605085038104e-03
9.4131339023114835e-01   3.9363777603528194e-01   9.3190955455544622e-03
9.4168707554546149e-01   3.9364143383679295e-01   8.0934291504562647e-03
9.4240599694362992e-01   3.9364490796999857e-01   6.3245946065358964e-03
9.4274370982170530e-01   3.9364728058556686e-01   6.6139160285058913e-03
9.4342923069374540e-01   3.9365124177343597e-01   6.1546746631539724e-03
9.4445773202577521e-01   3.9365815254560960e-01   5.0501408299609097e-03
9.4494501230803973e-01   3.9366022804217776e-01   3.1883077828590918e-03
9.4550299201122512e-01   3.9366132272574311e-01   2.7798723458815257e-03
9.4583344078841602e-01   3.9366240141390352e-01   3.5968033326107961e-03
9.4622790402408108e-01   3.9366397678326542e-01   3.6922820371901753e-03
9.4692397659376049e-01   3.9366617664469761e-01   0.0000000000000000e+00
9.4743661877774799e-01   3.9366529347660423e-01   -3.4455537252516179e-03
9.4779475504955579e-01   3.9366288611222022e-01   -6.2694428484803520e-03
9.4820083271660216e-01   3.9366054856987259e-01   -4.5743907646281865e-03
9.4895152842947572e-01   3.9365875494538027e-01   -2.1967896838151653e-03
9.4934283862922841e-01   3.9365793458312293e-01   0.0000000000000000e+00
9.4974567557535994e-01   3.9365827046049817e-01   6.3100037456975081e-04
9.5033378720361716e-01   3.9365846745285776e-01   0.0000000000000000e+00
9.5097570742138582e-01   3.9365665687823048e-01   -5.1289838996567520e-03
9.5169273759477402e-01   3.9365113035943589e-01   -9.8104838129602131e-03
9.5249213736527827e-01   3.9364141362602356e-01   -1.6206121137758538e-02
9.5293872805229629e-01   3.9363316541311977e-01   -1.6287621954450285e-02
9.5316794670440164e-01   3.9362968865861747e-01   -1.2048607852636556e-02
9.5351960385889190e-01   3.9362713450183223e-01   -7.0570816441467192e-03
9.5435626824992525e-01   3.9362164039433878e-01   -1.3133360406716053e-02
9.5472831782952772e-01   3.9361203691240876e-01   -2.0875014612588096e-02
9.5544987840184925e-01   3.9360388370816718e-01   -1.4110210934594303e-02
9.5604951230451407e-01   3.9359402209411520e-01   -1.8834149931805398e-02
9.5642388958342373e-01   3.9358641282407225e-01   -1.8353775273148926e-02
9.5681522748245473e-01   3.9358003671565028e-01   -1.5184993697162877e-02
9.5750292805561565e-01   3.9357093313666908e-01   -1.9391951055353872e-02
9.5793787997197588e-01   3.9356080556712902e-01   -1.8812768145111562e-02
9.5851273697840789e-01   3.9355338825466407e-01   -1.3143398427709415e-02
9.5909357160946951e-01   3.9354561296110119e-01   -1.5411171936012396e-02
9.5955058882195177e-01   3.9353784169961264e-01   -1.8507928436945636e-02
9.5990570121142627e-01   3.9353085441079833e-01   -1.7443436263350109e-02
9.6052327873362797e-01   3.9352247987578509e-01   -1.6302308628107328e-02
9.6100495223798588e-01   3.9351359737655356e-01   -1.6238284779627733e-02
9.6157862423388496e-01   3.9350578685544213e-01   -2.3545871161841959e-02
9.6193775688101379e-01   3.9349509803941546e-01   -2.7252365194162471e-02
9.6243573761071655e-01   3.9348326041189285e-01   -2.4376985934415375e-02
9.6303949710154058e-01   3.9346809917671877e-01   -3.1086398703563573e-02
9.6339706398029945e-01   3.9345571842118604e-01   -2.9365910901105269e-02
9.6376715820779824e-01   3.9344686481875069e-01   -2.2190390843558786e-02
9.6434287047268963e-01   3.9343564081674470e-01   -2.5885526444810854e-02
9.6473816783626065e-01   3.9342367404934275e-01   -2.6320712531100354e-02
9.6536130239014639e-01   3.9341115482342526e-01   -2.3142269993727337e-02
9.6602554095200466e-01   3.9339362217796237e-01   -2.7820118318688240e-02
9.6649449735106940e-01   3.9338010395290124e-01   -2.9321661390855489e-02
9.6673768849761288e-01   3.9337291069828279e-01   -2.5005838745325516e-02
9.6698712181179447e-01   3.9336784328566804e-01   -1.9960147122311169e-02
9.6737378607878877e-01   3.9336033852743896e-01   -2.0269834501767919e-02
9.6804782547946777e-01   3.9334566435699891e-01   -2.9666224067077213e-02
9.6846991127158288e-01   3.9333105573234817e-01   -2.7853491031376444e-02
9.6891216975001848e-01   3.9332186848254047e-01   -2.7071515003097575e-02
9.6921937305213868e-01   3.9331220808235712e-01   -2.8470228148672904e-02
9.6986692950676590e-01   3.9329783427878517e-01   -3.8193605994873911e-02
9.7020934969061512e-01   3.9328185954596762e-01   -3.6413472197060523e-02
9.7055935185778186e-01   3.9327277775887998e-01   -2.6213427249932659e-02
9.7092406069811577e-01   3.9326311654390861e-01   -2.9414305905895614e-02
9.7130496363809826e-01   3.9325074929718384e-01   -3.1473203260879302e-02
9.7180650746654407e-01   3.9323562122079458e-01   -3.3761311886556386e-02
9.7212260229284420e-01   3.9322423260465228e-01   -2.9128794040476632e-02
9.7234027502869347e-01   3.9321892639206235e-01   -2.0182939745738232e-02
9.7267803835388278e-01   3.9321430748692809e-01   -1.6055229662333182e-02
9.7303052367607956e-01   3.9320777267993945e-01   -2.0641353948794731e-02
9.7339928456616387e-01   3.9319934998234962e-01   -2.4725454720059860e-02
9.7378268701956983e-01   3.9318911880725360e-01   -3.0520249328633793e-02
9.7405420274626597e-01   3.9318009467661097e-01   -2.7294372529933171e-02
9.7448031985601946e-01   3.9317243761678544e-01   -1.6530343072258681e-02
9.7477832881013660e-01   3.9316781134366979e-01   0.0000000000000000e+00
9.7508868674511850e-01   3.9316787819024690e-01   4.3077085888510786e-04
9.7541262864194422e-01   3.9317017459151316e-01   7.9258238373886829e-03
9.7575159306607862e-01   3.9317315799653196e-01   7.2295251941165480e-03
9.7610568053299795e-01   3.9317513642001206e-01   0.0000000000000000e+00
9.7647664696190917e-01   3.9317474850518919e-01   -1.2337278671422890e-03
9.7676836107612464e-01   3.9317434547411861e-01   0.0000000000000000e+00
9.7707290605878527e-01   3.9317826833775515e-01   2.5762129471113709e-02
9.7728374634110737e-01   3.9318675786788015e-01   3.7288400246838743e-02
9.7761283700826762e-01   3.9319750005339238e-01   3.3976931380752744e-02
9.7795897811102617e-01   3.9320974687214316e-01   4.1536771104740064e-02
9.7820028414625737e-01   3.9322080548259125e-01   4.4917185268658032e-02
9.7845087043410606e-01   3.9323182405755902e-01   4.5142373648010818e-02
9.7871159550076281e-01   3.9324391152018096e-01   4.6042582442743230e-02
9.7898344834921480e-01   3.9325633808339572e-01   6.5135188461944063e-02
9.7912391157975143e-01   3.9326689693438216e-01   6.5861430561463055e-02
9.7926760365476206e-01   3.9327499214488260e-01   5.3630856618762233e-02
9.7956535556244551e-01   3.9328929104928845e-01   7.3828700091348037e-02
9.7976683183403079e-01   3.9330768390261833e-01   8.4221120988099599e-02
9.7997522718394114e-01   3.9332371139088690e-01   7.3680878546888109e-02
9.8026482544626747e-01   3.9334375009199463e-01   7.6830930213442339e-02
9.8056930194930836e-01   3.9336958776820447e-01   8.6550454379860822e-02
9.8089051927894977e-01   3.9339796235528057e-01   8.4281255859780246e-02
9.8123073736865207e-01   3.9342517578916514e-01   9.4164360792419632e-02
9.8140884667271200e-01   3.9344326916404482e-01   8.3110634964343913e-02
9.8159279788541620e-01   3.9345504746817528e-01   6.0122654649324939e-02
9.8188066000880314e-01   3.9347059458457856e-01   6.0152394732533969e-02
9.8218447642743001e-01   3.9349083981200417e-01   7.7810666731704656e-02
9.8239695787247827e-01   3.9350903367915901e-01   8.0692338755214518e-02
9.8261824020837174e-01   3.9352575259210343e-01   7.4892635328779475e-02
9.8296856090518370e-01   3.9355162186596732e-01   9.1096019663609223e-02
9.8321598157862133e-01   3.9357717552256322e-01   8.9914105232502317e-02
9.8334432143566308e-01   3.9358782528751762e-01   6.6762930622274702e-02
9.8361112005998552e-01   3.9359673141654050e-01   4.0804645879157324e-02
9.8389288616333681e-01   3.9361043772266624e-01   6.6984550025356124e-02
9.8404002678419722e-01   3.9362170310266009e-01   6.1633755725151305e-02
9.8419171200165856e-01   3.9362871770030772e-01   4.2262076992173943e-02
9.8451001250558268e-01   3.9363950979954776e-01   6.4563515070824862e-02
9.8467747386153215e-01   3.9365302277444597e-01   6.9436972926706989e-02
9.8485106090312113e-01   3.9366305074275532e-01   5.5407796107164328e-02
9.8503130269331785e-01   3.9367259561993939e-01   5.1872552792764821e-02
9.8517121808142072e-01   3.9367973571781412e-01   4.2218624224900532e-02
9.8541425193982224e-01   3.9368627588907040e-01   2.6037953094953947e-02
9.8567097609601440e-01   3.9369272382880993e-01   2.3536851286717782e-02
9.8583236479303227e-01   3.9369636217374515e-01   1.5322016021110980e-02
9.8599982401958830e-01   3.9369767311051074e-01   1.7305972231572251e-03
9.8617389377621700e-01   3.9369782373282947e-01   0.0000000000000000e+00
9.8629392233279567e-01   3.9369698341365711e-01   -8.5732388898054727e-03
9.8648043327763013e-01   3.9369492874718248e-01   -1.6521646515967676e-02
9.8667542923059048e-01   3.9369058474115559e-01   -2.9032848493939757e-02
9.8681059998280174e-01   3.9368602736479508e-01   -3.0756341262494033e-02
9.8695026300637712e-01   3.9368215889005209e-01   -2.7367983737261938e-02
9.8709476866090085e-01   3.9367825349897245e-01   -2.7344376962937487e-02
9.8724451129662127e-01   3.9367410945740644e-01   -3.7601309837179415e-02
9.8732148892593963e-01   3.9367082217507698e-01   -3.6303068605046250e-02
9.8747994399892769e-01   3.9366715770513394e-01   -3.9853544506824781e-02
9.8756156848957544e-01   3.9366320134717747e-01   -4.0788814002553873e-02
9.8772996477948705e-01   3.9365900127723147e-01   -2.9569407194286416e-02
9.8791304798846413e-01   3.9365266644181174e-01   -5.2957793713938647e-02
9.8800789439084757e-01   3.9364674161270707e-01   -5.4243537316238308e-02
9.8820478330820494e-01   3.9363942297621424e-01   -4.8388451943054737e-02
9.8841226700309748e-01   3.9362693056862030e-01   -9.2080118950832596e-02
9.8852041653221245e-01   3.9361517550667302e-01   -9.6895575219146518e-02
9.8863175336622566e-01   3.9360573962128786e-01   -9.0033010150130377e-02
9.8874649740812259e-01   3.9359478421890370e-01   -9.9395112085811962e-02
9.8886489250815079e-01   3.9358253766351586e-01   -1.0672820975331969e-01
9.8898721080897900e-01   3.9356906706473260e-01   -1.1169426397542120e-01
9.8911375714423999e-01   3.9355472743282310e-01   -1.1465216243117571e-01
9.8924487504837488e-01   3.9353951285830652e-01   -1.1719171990786076e-01
9.8938095300813256e-01   3.9352340262193408e-01   -1.2010010965569727e-01
9.8952243218259961e-01   3.9350615937339450e-01   -1.2358177121390353e-01
9.8966981955262234e-01   3.9348768343416651e-01   -1.2765582042011925e-01
9.8982370143960186e-01   3.9346767007295513e-01   -1.3089372319774772e-01
9.8998476049146789e-01   3.9344644734611645e-01   -1.3215790096520036e-01
9.9015379838025752e-01   3.9342403880836024e-01   -1.7711490962093909e-01
9.9024160964161967e-01   3.9340645394804419e-01   -1.6891513036990449e-01
9.9033178578225878e-01   3.9339412428098403e-01   -1.2991594421209149e-01
9.9047180474083429e-01   3.9337741475702070e-01   -1.3850439847888135e-01
9.9061804652960617e-01   3.9335423206390602e-01   -1.8903131350343311e-01
9.9071932671977569e-01   3.9333294702834581e-01   -1.8694186148436756e-01
9.9082388661973486e-01   3.9331590669708588e-01   -1.5573264773145920e-01
9.9093197549396839e-01   3.9329988262859999e-01   -1.3379419426322989e-01
9.9110133106222176e-01   3.9328105941195074e-01   -1.3744076901019592e-01
9.9121954792322731e-01   3.9326264176163184e-01   -1.3276048227768675e-01
9.9140576391472079e-01   3.9324467645653860e-01   -1.1234487604840872e-01
9.9153652928230740e-01   3.9322852841861577e-01   -1.1027387370809191e-01
9.9167320565530270e-01   3.9321534437590444e-01   -1.2796953620836396e-01
9.9174396296912559e-01   3.9320513543250429e-01   -1.2130734190084622e-01
9.9181644592117868e-01   3.9319804853565710e-01   -9.0328930572631791e-02
9.9196697111644450e-01   3.9318677882862435e-01   -9.1072457443831106e-02
9.9212568856884498e-01   3.9316961234159004e-01   -1.6472598626772961e-01
9.9220845900278853e-01   3.9315353615618825e-01   -1.7056053461888121e-01
9.9229369917878962e-01   3.9314107500222711e-01   -1.4583441859490273e-01
9.9238158102322493e-01   3.9312829090800089e-01   -1.3097953955477434e-01
9.9251877159694402e-01   3.9311342491628787e-01   -1.0088323487825768e-01
9.9266308414919391e-01   3.9310000122733424e-01   -7.9531577872962028e-02
9.9276369094094830e-01   3.9309294572648135e-01   -5.9807184834314873e-02
9.9286816247160226e-01   3.9308781738852322e-01   -4.8629436006161805e-02
9.9309008344022676e-01   3.9307724184666126e-01   -9.5309081674486706e-02
9.9320846520673711e-01   3.9306241699954930e-01   -1.2936165710415201e-01
9.9333246787685048e-01   3.9304583903443679e-01   -1.4674602281511695e-01
9.9346272574058592e-01   3.9302493782686659e-01   -1.5857630785037566e-01
9.9359999203003679e-01   3.9300344315910363e-01   -1.5707936990613786e-01
9.9371546135502797e-01   3.9298525787475619e-01   -1.5323393565064394e-01
9.9383654371444796e-01   3.9296724435569502e-01   -2.0555030756579920e-01
9.9389939485187140e-01   3.9295247287532614e-01   -1.9979055691812150e-01
9.9404699549672693e-01   3.9293519630039286e-01   -1.7562096136705310e-01
9.9413307524427874e-01   3.9291713853503329e-01   -1.8963168622928711e-01
9.9422236638438222e-01   3.9290207224211943e-01   -1.6311695197181825e-01
9.9439206893208709e-01   3.9287620196708473e-01   -2.5816381988955522e-01
9.9449196983701704e-01   3.9284419384369823e-01   -3.1547002568131527e-01
9.9458572479594265e-01   3.9281505062715039e-01   -3.2352043053518398e-01
9.9468347689994074e-01   3.9278213390130678e-01   -3.4973565003842016e-01
9.9477982661279929e-01   3.9274720249961342e-01   -3.4954657223217889e-01
9.9488048310158694e-01   3.9271338555074287e-01   -3.2260856454966441e-01
9.9499225153059412e-01   3.9267898559270864e-01   -3.4754388375592271e-01
9.9508326574082739e-01   3.9264440702127418e-01   -3.7275775103842512e-01
9.9517821762720038e-01   3.9260972295418900e-01   -3.6231172639951809e-01
9.9529205620036409e-01   3.9256888308046528e-01   -5.1007700081343621e-01
9.9535130674701966e-01   3.9253399409713036e-01   -4.9977608990353389e-01
9.9545908983650111e-01   3.9249758899708198e-01   -4.9367229945453611e-01
9.9553136060507741e-01   3.9245435568931547e-01   -5.5909495092764661e-01
9.9560616590562112e-01   3.9241556127797578e-01   -5.5837023621556514e-01
9.9567494096348985e-01   3.9237464494701696e-01   -6.0220042968550014e-01
9.9574601523457806e-01   3.9233130995964383e-01   -6.3567894891505239e-01
9.9581954707604070e-01   3.9228259205824240e-01   -7.6460505438248849e-01
9.9587640926262544e-01   3.9223462705428164e-01   -8.1414919280404419e-01
9.9593482404813127e-01   3.9218883188564768e-01   -7.4759025188957740e-01
9.9603585439407016e-01   3.9211965860372966e-01   -8.5093845248002353e-01
9.9614176200220217e-01   3.9201107948808106e-01   -1.9642648465660744e+00
9.9618553390191877e-01   3.9190811167093131e-01   -1.9555934424198456e+00
9.9623015883465293e-01   3.9183889474970657e-01   -1.5056889360427950e+00
9.9629879452141323e-01   3.9174034268070096e-01   -1.7263861721906724e+00
9.9636962312023569e-01   3.9159683103755982e-01   -3.0483435720862757e+00
9.9640592072924017e-01   3.9146716974432849e-01   -3.0932874221348117e+00
9.9644284253820714e-01   3.9137094531248062e-01   -2.4374016284308864e+00
9.9651867609139733e-01   3.9121239454020679e-01   -3.1651875506498524e+00
9.9657081453111207e-01   3.9100885191102780e-01   -3.7112555620905194e+00
9.9662432148424462e-01   3.9082085164796410e-01   -3.7190469019327796e+00
9.9667929679133294e-01   3.9060478958287342e-01   -3.9369287886712727e+00
9.9674957531960229e-01   3.9032750041283298e-01   -4.3996074391337743e+00
9.9682252393972814e-01   3.8997217567680287e-01   -7.5265503141349228e+00
9.9685662062199221e-01   3.8967322197309723e-01   -7.3952705000086407e+00
9.9693124123739829e-01   3.8934553028250357e-01   -7.3195718140959771e+00
9.9697646774407267e-01   3.8893422806043865e-01   -8.2344465964021190e+00
9.9702288015891616e-01   3.8859300056611712e-01   -7.6442433575783886e+00
9.9707056537420125e-01   3.8821416893086041e-01   -8.3259656129044579e+00
9.9711831736751644e-01   3.8779834265643132e-01   -8.9832684692874594e+00
9.9716747062884104e-01   3.8734286035770121e-01   -8.9877705415702760e+00
9.9724197348156407e-01   3.8670472985767745e-01   -1.2322085903453994e+01
9.9729364625217887e-01   3.8593337150327933e-01   -1.5595389369623888e+01
9.9733406307861150e-01   3.8528194951589190e-01   -1.5933061681087622e+01
9.9737557582844905e-01   3.8462839246064734e-01   -1.6633440970959793e+01
9.9741853645786782e-01   3.8387424462902259e-01   -1.8427322560027971e+01
9.9746278760325446e-01   3.8301902605943061e-01   -1.8933466919088104e+01
9.9752398615700721e-01   3.8189358793959832e-01   -2.2001100903253963e+01
9.9758458011230744e-01   3.8034380180596705e-01   -4.0492131534711682e+01
9.9761417971285071e-01   3.7892958486893102e-01   -4.0195915466104701e+01
9.9765984481816794e-01   3.7762821175888894e-01   -3.2865755995676132e+01
9.9770716198181641e-01   3.7585896033770172e-01   -4.6376614594916482e+01
9.9773970934089729e-01   3.7414836248917344e-01   -4.9943823745901511e+01
9.9777312494482184e-01   3.7256911635903678e-01   -4.5280929208065523e+01
9.9783471511351551e-01   3.7000500484367782e-01   -8.3263662683309732e+01
9.9786260136671689e-01   3.6715586421849306e-01   -8.4639360822084598e+01
9.9790572496350605e-01   3.6467497764053669e-01   -6.7487181776833751e+01
9.9795055188082771e-01   3.6118574031105349e-01   -9.7620143240215242e+01
9.9798147998880138e-01   3.5774440875891489e-01   -1.0017817561393998e+02
9.9802960243942440e-01   3.5375400543163621e-01   -1.0323301048309870e+02
9.9807329232929942e-01   3.4843811252465334e-01   -1.4907750795658330e+02
9.9810118922082547e-01   3.4379116941316790e-01   -1.5213746061014075e+02
9.9812989350374193e-01   3.3985060551755397e-01   -1.4219433723025722e+02
9.9815947273194050e-01   3.3549485603514784e-01   -1.5283612530192852e+02
9.9819000381043577e-01   3.3065278734797465e-01   -1.6451563420194339e+02
9.9822157598909700e-01   3.2526536062743294e-01   -2.3864514506596066e+02
9.9823778529620943e-01   3.2083114060486112e-01   -2.3055982044052502e+02
9.9827111883008879e-01   3.1609337525569098e-01   -1.7622541635118068e+02
9.9830263805138131e-01   3.0952278191056465e-01   -2.1450189476437887e+02
9.9833211879476802e-01   3.0303259117027054e-01   -2.9101121747694407e+02
9.9834726556751452e-01   2.9807325632866355e-01   -2.7605429028227837e+02
9.9836270112336711e-01   2.9462015723606738e-01   -2.0681618518621119e+02
9.9839179957619628e-01   2.8952887793059945e-01   -2.0978528402860690e+02
9.9841923154768053e-01   2.8287362994829068e-01   -2.4549828997284214e+02
9.9844479794356367e-01   2.7652828254355361e-01   -3.4464241527250766e+02
9.9845644987344651e-01   2.7200033848655997e-01   -3.1993648940783953e+02
9.9848032500845640e-01   2.6772090471475796e-01   -1.8649937999009649e+02
9.9851769954788305e-01   2.6032598739471691e-01   -2.5688610621150661e+02
9.9854378390092280e-01   2.5255072065670925e-01   -3.3856433498126688e+02
9.9855721281873022e-01   2.4772428834509952e-01   -2.9992455584721318e+02
9.9858490896514507e-01   2.4281518255233780e-01   -2.0432982965185190e+02
9.9861383474420107e-01   2.3608666184186972e-01   -2.3972876196568234e+02
9.9863992290561510e-01   2.2966515994042744e-01   -2.2153294242529304e+02
9.9868123945202392e-01   2.2212273201434155e-01   -2.3113729058428922e+02
9.9871046160679611e-01   2.1436424178183627e-01   -2.3611118900128326e+02
9.9874122942586108e-01   2.0805168202216837e-01   -2.2087284626087438e+02
9.9876545409220419e-01   2.0240156503591736e-01   -2.1363940731737648e+02
9.9879078560069612e-01   1.9750890684422592e-01   -1.8930680202696109e+02
9.9881735839436869e-01   1.9258549003663086e-01   -1.8097611632165155e+02
9.9884533422539301e-01   1.8764930548699624e-01   -1.7510380222346976e+02
9.9887323838076170e-01   1.8280049999091891e-01   -1.7388721746000235e+02
9.9889924647221051e-01   1.7827509737594688e-01   -1.6579226383989590e+02
9.9892669682036483e-01   1.7396183543656862e-01   -1.7401619088677904e+02
9.9894647874865550e-01   1.7027872883807796e-01   -2.0619499131260136e+02
9.9895698174495917e-01   1.6800148122713654e-01   -1.8063773340866558e+02
9.9897871686918871e-01   1.6570269289226258e-01   -1.2070847036619172e+02
9.9900152252425722e-01   1.6259224633410055e-01   -1.3425155057765673e+02
9.9902553239345848e-01   1.5942292063231267e-01   -1.7381851363956605e+02
9.9903803955380388e-01   1.5697649493295002e-01   -1.6184022583283726e+02
9.9905091101917720e-01   1.5534059554881469e-01   -1.1530832271852466e+02
9.9907784982635328e-01   1.5289886749878859e-01   -1.4654247585708248e+02
9.9909198334261751e-01   1.5041317824765399e-01   -1.4578093890168455e+02
9.9912175340984954e-01   1.4796015900569437e-01   -1.3534833328558165e+02
9.9913748434023530e-01   1.4539086389087946e-01   -1.3390341912945848e+02
9.9915663866656435e-01   1.4351228629716228e-01   -1.0031368823742919e+02
9.9917675197860811e-01   1.4144738278033950e-01   -1.0059375451879525e+02
9.9919794426789765e-01   1.3936178704897553e-01   -1.2793909487023429e+02
9.9920899056889478e-01   1.3777852794287079e-01   -1.1828872530069104e+02
9.9922036362143241e-01   1.3672643644739454e-01   -8.4172618643662361e+01
9.9924418162195161e-01   1.3513735856479242e-01   -1.1040313962589416e+02
9.9925668383325450e-01   1.3347038891927712e-01   -1.1042807915393323e+02
9.9926962232120831e-01   1.3234832636289467e-01   -7.8620417383233558e+01
9.9929695472859892e-01   1.3066727068832917e-01   -9.9219968965132949e+01
9.9931144337566180e-01   1.2894003881331484e-01   -9.7692401346898251e+01
9.9932655045616847e-01   1.2780317891254100e-01   -8.6396841951997587e+01
9.9933660778592015e-01   1.2685964647793954e-01   -8.3057902504384487e+01
9.9934696546816670e-01   1.2611410941200585e-01   -6.5607075059475207e+01
9.9936866573451932e-01   1.2498011792776556e-01   -5.9142050931775053e+01
9.9939185228614502e-01   1.2343824384715776e-01   -8.4316303968592820e+01
9.9940408211939269e-01   1.2229213359825206e-01   -9.0752376802919329e+01
9.9941037221780837e-01   1.2173087447740855e-01   -7.3620734824785188e+01
9.9941678602136730e-01   1.2136076261509744e-01   -5.2460220174859202e+01
9.9943000718653063e-01   1.2081013062901058e-01   -4.7367804863883286e+01
9.9944379634289315e-01   1.2007470553512767e-01   -5.1941250353950387e+01
9.9945821082857256e-01   1.1934697901182928e-01   -4.8624075885612648e+01
9.9947331790831329e-01   1.1864188745935354e-01   -4.4162010092578385e+01
9.9948919767210809e-01   1.1798251723057020e-01   -5.0195963642467078e+01
9.9949745728552730e-01   1.1753065656117041e-01   -4.3768678407320138e+01
9.9950594798655312e-01   1.1725450435921614e-01   -3.0761510215463709e+01
9.9951468487632988e-01   1.1700159027990806e-01   -2.6992567356643640e+01
9.9952368442715711e-01   1.1677679487879300e-01   -2.1607833386005797e+01
9.9954254534278808e-01   1.1650248755678097e-01   -1.2900224079688023e+01
9.9955605717891050e-01   1.1634409025531481e-01   0.0000000000000000e+00
9.9957022831497000e-01   1.1636944008056270e-01   3.5776701517010974e+00
9.9958513564196272e-01   1.1660438269421813e-01   2.4730324169625664e+01
9.9959038052180427e-01   1.1672181908192938e-01   2.2798834961494457e+01
9.9959562540164593e-01   1.1687236090040302e-01   3.7354228533363624e+01
9.9960087028148747e-01   1.1714247986877446e-01   6.8396504884616974e+01
9.9960360676640692e-01   1.1736094295899714e-01   8.8645469547968020e+01
9.9960634325132647e-01   1.1761326747859170e-01   9.3144625454021238e+01
9.9960907973624591e-01   1.1785635431338815e-01   8.1893972602411537e+01
9.9961189889707569e-01   1.1807255508568110e-01   7.3218221757186939e+01
9.9961471805790547e-01   1.1827895155494451e-01   7.4938496401158204e+01
9.9961753721873536e-01   1.1850485178903263e-01   8.7054796535007242e+01
9.9962044448409149e-01   1.1876663376572287e-01   9.3322316500085577e+01
9.9962335174944750e-01   1.1904915762121659e-01   1.0132379249753106e+02
9.9962625901480351e-01   1.1935746442582583e-01   1.1105922452754992e+02
9.9962926037932232e-01   1.1971432546603689e-01   1.2510866206299735e+02
9.9963226174384123e-01   1.2009866549420720e-01   1.2937022125765318e+02
9.9963526310836004e-01   1.2048110751954105e-01   1.2384390211120215e+02
9.9964157693255551e-01   1.2108507456633699e-01   8.1232294486119017e+01
9.9964789075675109e-01   1.2168064228911285e-01   1.2118328826799670e+02
9.9965420458094678e-01   1.2278909643830462e-01   2.4369688346504299e+02
9.9965752983488787e-01   1.2387579672727816e-01   3.9218504823675261e+02
9.9966085508882907e-01   1.2527946283594651e-01   4.3433845566458695e+02
9.9966418034277027e-01   1.2664650469331595e-01   3.7015710574181310e+02
9.9966762983178470e-01   1.2784384349210198e-01   3.3272428303577328e+02
9.9967107932079913e-01   1.2900177027457241e-01   3.4730617556011850e+02
9.9967452880981356e-01   1.3029970922950307e-01   4.1390278331484905e+02
9.9967811125719575e-01   1.3183592204522135e-01   4.4681190476032492e+02
9.9968169370457793e-01   1.3352314840592158e-01   4.9821025743589632e+02
9.9968527615196001e-01   1.3542762500955963e-01   5.6809784133911080e+02
9.9968900055940468e-01   1.3762541705810843e-01   6.1687032843774512e+02
9.9969272496684913e-01   1.4005801824891440e-01   6.9418992223625992e+02
9.9969644937429381e-01   1.4283174963900475e-01   8.0005662274341148e+02
9.9970032547342591e-01   1.4607084476832752e-01   8.7729032940323509e+02
9.9970420157255813e-01   1.4967942382154176e-01   9.9070392622872100e+02
9.9970807767169045e-01   1.5379772363955352e-01   1.1402974132229774e+03
9.9971211800248660e-01   1.5867324957009402e-01   1.2741919561392508e+03
9.9971615833328287e-01   1.6410260543077129e-01   1.4144481983593205e+03
9.9972019866407924e-01   1.7011149459123123e-01   1.5610661398852019e+03
9.9972442469978384e-01   1.7711488907299472e-01   1.7427772748742841e+03
9.9972865073548844e-01   1.8475231510812831e-01   1.8611258637913011e+03
9.9973287677119327e-01   1.9275600031502241e-01   1.9161119066374761e+03
9.9973732675304827e-01   2.0163637832147782e-01   2.0581570951263561e+03
9.9974177673490316e-01   2.1092286163459167e-01   2.0986318899202811e+03
9.9974622671675795e-01   2.2016346384543509e-01   2.0375362910268530e+03
9.9975095509065293e-01   2.2988775002702314e-01   2.0633652181812245e+03
9.9975568346454791e-01   2.3956023487000447e-01   2.0156254439714733e+03
9.9976041183844266e-01   2.4883305804692066e-01   1.8943169684007612e+03
9.9976548756396566e-01   2.5830156933463111e-01   1.8283329126501139e+03
9.9977056328948866e-01   2.6730954298347903e-01   1.7128502453575131e+03
9.9977563901501176e-01   2.7560573762767993e-01   1.5478689665188094e+03
9.9978115004068868e-01   2.8378480741689632e-01   1.4141935277652717e+03
9.9978666106636549e-01   2.9112477708324380e-01   1.2433521045362013e+03
9.9979217209204252e-01   2.9742082393236274e-01   1.0353446968241144e+03
9.9979823579113736e-01   3.0342183456372829e-01   9.1471495860046571e+02
9.9980429949023242e-01   3.0815904387499582e-01   6.1850299656433651e+02
9.9981036318932726e-01   3.1056777409426978e-01   1.4670881073742021e+02
9.9981714502254582e-01   3.1139690299931005e-01   9.7805873818116368e+01
9.9982392685576427e-01   3.1189438034232447e-01   4.8902936909058198e+01
9.9983070868898272e-01   3.1206020612332930e-01   0.0000000000000000e+00
9.9983845340794175e-01   3.1005455358752093e-01   -4.8817979482866122e+02
9.9984619812690056e-01   3.0495955501703026e-01   -7.9779422627876818e+02
9.9985394284585960e-01   2.9815814896666804e-01   -9.2884329436807423e+02
9.9986302885402167e-01   2.8844278053143696e-01   -1.2041014294169670e+03
9.9987211486218364e-01   2.7637876553733320e-01   -1.4458242429048207e+03
9.9988120087034582e-01   2.6227080618927162e-01   -1.6540117348427025e+03
9.9989219861639833e-01   2.4170752153711778e-01   -2.0457247778248461e+03
9.9990319636245084e-01   2.1814969634316186e-01   -2.1985852369956501e+03
9.9991419410850335e-01   1.9422417066814687e-01   -2.1125931123644787e+03
9.9995340113081921e-01   1.0905908442413868e-01   -1.0038488839521547e+03
1.0000000000000000e+00   8.5669973013853581e-02   0.0000000000000000e+00
