r delAd derivDelAd
1 1.558418569522593e-03 3.885911140351929e-01  7.251939975137302e-05
2 2.313746277859202e-03 3.885911691017487e-01  7.352180099812120e-05
3 3.089766396170052e-03 3.885912270248801e-01  7.600649892342835e-05
4 3.985996264685965e-03 3.885912971053968e-01  8.071088581407600e-05
5 5.055345003820626e-03 3.885913875409955e-01  8.889720815649174e-05
6 6.376817724863043e-03 3.885915137853177e-01  1.028815226528251e-04
7 8.034607910669539e-03 3.885917029652061e-01  1.264713932961487e-04
8 1.012361402018319e-02 3.885920063621434e-01  1.657795773447736e-04
9 1.275623975203615e-02 3.885925161425399e-01  2.212243653815111e-04
10 1.585112733225120e-02 3.885932989918878e-01  2.842938399540328e-04
11 1.938795747565567e-02 3.885944278893034e-01  3.535763910809360e-04
12 2.320858729574258e-02 3.885959164576260e-01  4.250708564489351e-04
13 2.758330871828682e-02 3.885979474112344e-01  5.026645308006149e-04
14 3.335302980787107e-02 3.886011265768070e-01  5.980311436943697e-04
15 4.110691878373465e-02 3.886062213639897e-01  7.137067036943855e-04
16 5.124774085888036e-02 3.886142393093380e-01  8.736068357911065e-04
17 6.351105093254734e-02 3.886263790745109e-01  1.115008615921935e-03
18 7.913013640294475e-02 3.886466791853520e-01  1.498606452660875e-03
19 9.210649404661787e-02 3.886685506206404e-01  1.882173295374029e-03
20 1.001243976271129e-01 3.886846947885524e-01  2.148602820031873e-03
21 1.115144083185785e-01 3.887114998968711e-01  2.565732465566677e-03
22 1.199200717083161e-01 3.887344653208573e-01  2.902659089209861e-03
23 1.273947104415965e-01 3.887572818608881e-01  3.196967949520125e-03
24 1.350730673694821e-01 3.887828818213542e-01  3.465387207867183e-03
25 1.391668279257475e-01 3.887973357967827e-01  3.594450607077485e-03
26 1.467135504517895e-01 3.888252841595948e-01  3.806771413059687e-03
27 1.502154984804369e-01 3.888387701294486e-01  3.894018874076329e-03
28 1.546354400795204e-01 3.888562064651843e-01  3.993932103964060e-03
29 1.588599877076635e-01 3.888732619159815e-01  4.078784756753460e-03
30 1.618786066537593e-01 3.888856610455029e-01  4.136624696795810e-03
31 1.675962885485477e-01 3.889096374994648e-01  4.251256892657322e-03
32 1.703114444924936e-01 3.889212570445073e-01  4.308018702990288e-03
33 1.740743499108099e-01 3.889376194746645e-01  4.389161060520170e-03
34 1.777178537554498e-01 3.889537587064714e-01  4.470470531423777e-03
35 1.812529636071636e-01 3.889697055636713e-01  4.551939518879167e-03
36 1.846891929043885e-01 3.889854866242425e-01  4.633563714890242e-03
37 1.873725569809833e-01 3.889980120340613e-01  4.703937151280316e-03
38 1.925803812060461e-01 3.890229309817201e-01  4.873025682645682e-03
39 1.951110519679500e-01 3.890353844385487e-01  4.970683584379417e-03
40 2.002025419304805e-01 3.890612535611244e-01  5.197862108748065e-03
41 2.051236619105500e-01 3.890874533405037e-01  5.456416598038527e-03
42 2.076802836042987e-01 3.891015921706584e-01  5.605864057553846e-03
43 2.101962594955183e-01 3.891158920043227e-01  5.763031402540363e-03
44 2.126738113460751e-01 3.891303720536488e-01  5.927585171512181e-03
45 2.163591769715272e-01 3.891526611891675e-01  6.162867116972748e-03
46 2.188209250933567e-01 3.891680062009303e-01  6.301407014544083e-03
47 2.225301297370902e-01 3.891917247683774e-01  6.481980427238142e-03
48 2.249878412385836e-01 3.892077827590849e-01  6.582975064899059e-03
49 2.274139089874657e-01 3.892238596759947e-01  6.668087695495008e-03
50 2.316449155439241e-01 3.892523286167190e-01  6.781858428865371e-03
51 2.334632798134307e-01 3.892646938857016e-01  6.817216269248026e-03
52 2.361612213470911e-01 3.892831435850989e-01  6.857662457945649e-03
53 2.384858632303894e-01 3.892991162762416e-01  6.882924359915244e-03
54 2.406177995853214e-01 3.893138079383011e-01  6.898289894735440e-03
55 2.427295429757308e-01 3.893283849453389e-01  6.906150753942938e-03
56 2.455152589072327e-01 3.893476253169500e-01  6.905317014928525e-03
57 2.468957807406393e-01 3.893571550725572e-01  6.900180700257410e-03
58 2.492351720678710e-01 3.893732805079096e-01  6.884330592211925e-03
59 2.521130905401578e-01 3.893930826737881e-01  6.886027885593463e-03
60 2.540137008201950e-01 3.894061955510799e-01  6.916454015236115e-03
61 2.576305643035826e-01 3.894314071339965e-01  7.038746700095644e-03
62 2.593495731084050e-01 3.894435794649670e-01  7.126466049232370e-03
63 2.610580314992672e-01 3.894558426666920e-01  7.232541520272150e-03
64 2.627562907621220e-01 3.894682281489756e-01  7.356651744283453e-03
65 2.651115133151335e-01 3.894857866436125e-01  7.559578163248718e-03
66 2.686102557564559e-01 3.895127879805874e-01  7.869144839824047e-03
67 2.720704717950263e-01 3.895404941548649e-01  8.138961568937571e-03
68 2.737869082040059e-01 3.895545687940311e-01  8.259393889098758e-03
69 2.771941227218649e-01 3.895830826571446e-01  8.472111291328018e-03
70 2.800315881638903e-01 3.896073411113445e-01  8.622516537478747e-03
71 2.817442040651861e-01 3.896221770991022e-01  8.701536372251534e-03
72 2.834491427173917e-01 3.896370734949864e-01  8.771408202568914e-03
73 2.860539882976549e-01 3.896600381213952e-01  8.855513429856989e-03
74 2.873501309622068e-01 3.896715364047522e-01  8.885482038001862e-03
75 2.899304867644910e-01 3.896945174870987e-01  8.921638805170261e-03
76 2.924956146046570e-01 3.897174155625082e-01  8.926567372482793e-03
77 2.950564383961465e-01 3.897402483109076e-01  8.900642422569592e-03
78 2.976135986870596e-01 3.897629428088038e-01  8.844001316128825e-03
79 2.988872307880980e-01 3.897741823557449e-01  8.804325557089732e-03
80 3.014251368561986e-01 3.897964407641040e-01  8.745825756268822e-03
81 3.026895644135734e-01 3.898074926150229e-01  8.737696583388407e-03
82 3.056684322835921e-01 3.898335555736006e-01  8.773799709404985e-03
83 3.073807163482012e-01 3.898486229823613e-01  8.829665305789949e-03
84 3.090882203015645e-01 3.898637653984856e-01  8.910900507789934e-03
85 3.107911531150693e-01 3.898790270659805e-01  9.017305853369760e-03
86 3.125075872246882e-01 3.898946150543264e-01  9.150210709401852e-03
87 3.157872502902213e-01 3.899251328471526e-01  9.475784257631384e-03
88 3.180621749149192e-01 3.899469687249052e-01  9.714725991609396e-03
89 3.199107587564380e-01 3.899650840863864e-01  9.880158388430099e-03
90 3.224800411570256e-01 3.899907200754531e-01  1.006730647069178e-02
91 3.240583082646108e-01 3.900066826948702e-01  1.015759692648582e-02
92 3.264948501127211e-01 3.900315660910071e-01  1.026011904601352e-02
93 3.287910457327581e-01 3.900551968375349e-01  1.031577730684407e-02
94 3.313763215242425e-01 3.900818963412265e-01  1.033087843105585e-02
95 3.336752627063182e-01 3.901056367701948e-01  1.032276784625121e-02
96 3.348352852016211e-01 3.901176093762867e-01  1.031932925098255e-02
97 3.371527228094452e-01 3.901415170019700e-01  1.031377315303552e-02
98 3.383102222478853e-01 3.901534539197550e-01  1.031165354233840e-02
99 3.406230930539758e-01 3.901772997209926e-01  1.030872632096031e-02
100 3.429334445713972e-01 3.902011148006332e-01  1.030754304296309e-02
101 3.455569273486954e-01 3.902281569764101e-01  1.030830888098532e-02
102 3.480326983966840e-01 3.902536952690804e-01  1.032835717439732e-02
103 3.507253604403113e-01 3.902815815428703e-01  1.039163696673340e-02
104 3.522531183432213e-01 3.902974977817037e-01  1.044675630328643e-02
105 3.543116684977665e-01 3.903190977102115e-01  1.054302757711238e-02
106 3.563701169081676e-01 3.903409207304144e-01  1.066455029344129e-02
107 3.581595898729650e-01 3.903601146925584e-01  1.079071476105212e-02
108 3.599493808096094e-01 3.903795549773789e-01  1.093599329152403e-02
109 3.617396724466987e-01 3.903992657466070e-01  1.108000657816498e-02
110 3.635306471354121e-01 3.904192225593658e-01  1.120235192974196e-02
111 3.657806602156867e-01 3.904445727013952e-01  1.132526134041197e-02
112 3.680323974080181e-01 3.904701804914585e-01  1.141393361681202e-02
113 3.699188015481706e-01 3.904917607020971e-01  1.146178109060759e-02
114 3.718068774351059e-01 3.905134276382736e-01  1.148553482118427e-02
115 3.740818064632185e-01 3.905395591314868e-01  1.148208055994695e-02
116 3.763598361833609e-01 3.905656941400156e-01  1.146425582730552e-02
117 3.778484511639976e-01 3.905827535580155e-01  1.145605029727972e-02
118 3.808305841661522e-01 3.906169020042872e-01  1.144779727804728e-02
119 3.823242652667128e-01 3.906340009997881e-01  1.144776788818283e-02
120 3.854066882631105e-01 3.906692981190681e-01  1.145636694483866e-02
121 3.869511867993348e-01 3.906869987995155e-01  1.146506291637646e-02
122 3.884980507724509e-01 3.907047423202046e-01  1.147670794281149e-02
123 3.909837299650508e-01 3.907333033188715e-01  1.150670501578799e-02
124 3.922291068245961e-01 3.907476465755305e-01  1.152844536827977e-02
125 3.944317511670963e-01 3.907730914960308e-01  1.157786596224752e-02
126 3.973049706105731e-01 3.908064744097575e-01  1.166339646476053e-02
127 3.987455502119007e-01 3.908233130946703e-01  1.171525551410323e-02
128 4.013135653529361e-01 3.908535317628100e-01  1.182256897764399e-02
129 4.030844751115039e-01 3.908745424823513e-01  1.190767064582996e-02
130 4.063163487779794e-01 3.909133071488507e-01  1.208633193376942e-02
131 4.089136090698871e-01 3.909448853564927e-01  1.222431284406070e-02
132 4.102163587214436e-01 3.909608479306542e-01  1.228017434484542e-02
133 4.128305417075713e-01 3.909930697329628e-01  1.236536889524428e-02
134 4.154807027099574e-01 3.910259139774401e-01  1.241508377506660e-02
135 4.181678444444323e-01 3.910593006665475e-01  1.242781371065820e-02
136 4.195165593614320e-01 3.910760579838206e-01  1.241990294745270e-02
137 4.222247887248018e-01 3.911096420309435e-01  1.237515333592088e-02
138 4.247773294814180e-01 3.911411697918952e-01  1.233442562761557e-02
139 4.275152480009383e-01 3.911749300273032e-01  1.233433699647085e-02
140 4.297518770412871e-01 3.912025491200811e-01  1.236775261127628e-02
141 4.318264721795497e-01 3.912282627953544e-01  1.242566746239717e-02
142 4.344395235848433e-01 3.912608662278875e-01  1.253548156326343e-02
143 4.367296485954975e-01 3.912897169265996e-01  1.266552164208280e-02
144 4.377944951955942e-01 3.913032410766092e-01  1.273673949159824e-02
145 4.402095091676209e-01 3.913341883513003e-01  1.288548892688043e-02
146 4.426423961014882e-01 3.913656775617815e-01  1.299386496104938e-02
147 4.453655609331459e-01 3.914011717761296e-01  1.306579825998692e-02
148 4.475585381438471e-01 3.914298529038924e-01  1.308581580056623e-02
149 4.503185987654569e-01 3.914659512988842e-01  1.306293757097235e-02
150 4.519850138005960e-01 3.914876891653370e-01  1.302318614008004e-02
151 4.542194676673230e-01 3.915167016187758e-01  1.293923407768904e-02
152 4.564687393610001e-01 3.915457028209394e-01  1.285341306568624e-02
153 4.587445976884991e-01 3.915748881002338e-01  1.279988214471567e-02
154 4.613326609898090e-01 3.916079795672908e-01  1.277971657424433e-02
155 4.633678625435092e-01 3.916339991500624e-01  1.279428743482736e-02
156 4.659133535469691e-01 3.916666291909112e-01  1.285021931579352e-02
157 4.688771763295013e-01 3.917048756916351e-01  1.296814833778962e-02
158 4.720715584861399e-01 3.917465879595164e-01  1.315886739838430e-02
159 4.750130707264107e-01 3.917855681141125e-01  1.333448020272267e-02
160 4.779310904771216e-01 3.918246594774581e-01  1.344862574198519e-02
161 4.795208421213598e-01 3.918460712251581e-01  1.348563837570764e-02
162 4.816550720372333e-01 3.918748815998106e-01  1.350740745787736e-02
163 4.838064325786668e-01 3.919039354978198e-01  1.349696266877312e-02
164 4.863252431486091e-01 3.919378737024105e-01  1.344341046344048e-02
165 4.888688077989367e-01 3.919719512169618e-01  1.334409791470171e-02
166 4.907932977590589e-01 3.919975346023302e-01  1.323875026628002e-02
167 4.946874894823425e-01 3.920486695094728e-01  1.303546040902312e-02
168 4.966580170216188e-01 3.920742790320895e-01  1.296018482179559e-02
169 4.983602139283119e-01 3.920962952171392e-01  1.291008623970164e-02
170 5.014427788677380e-01 3.921359941843982e-01  1.285457662230796e-02
171 5.044242694866562e-01 3.921742937520776e-01  1.284405479818125e-02
172 5.062060912223046e-01 3.921971897686230e-01  1.285803114367788e-02
173 5.093586723280388e-01 3.922378108116817e-01  1.291990132927107e-02
174 5.134793293518591e-01 3.922912589748235e-01  1.301661452905467e-02
175 5.169742888107766e-01 3.923368596541660e-01  1.307485934585959e-02
176 5.202702180728858e-01 3.923800163581758e-01  1.310978748554272e-02
177 5.236027013459436e-01 3.924237359735298e-01  1.312536524040121e-02
178 5.255777735217750e-01 3.924496605318660e-01  1.312523080879879e-02
179 5.297165619964510e-01 3.925039462711565e-01  1.310233865918309e-02
180 5.328522005507232e-01 3.925449759140200e-01  1.306461313239466e-02
181 5.349291457204044e-01 3.925720775058661e-01  1.303250483982385e-02
182 5.390664852061693e-01 3.926258526098040e-01  1.296079094963031e-02
183 5.410470418701987e-01 3.926514849668651e-01  1.292280739987498e-02
184 5.446480317208362e-01 3.926978869559924e-01  1.284768583813718e-02
185 5.478502609878951e-01 3.927389123643182e-01  1.277431344163000e-02
186 5.512323980791820e-01 3.927819763831355e-01  1.269010342726450e-02
187 5.543416977748798e-01 3.928213054102206e-01  1.260660010461847e-02
188 5.577941681818982e-01 3.928646667550614e-01  1.251331526922803e-02
189 5.610956541672695e-01 3.929058389414055e-01  1.242910817592670e-02
190 5.629422593845552e-01 3.929287488428514e-01  1.238413991163657e-02
191 5.663432395506692e-01 3.929707315552636e-01  1.230532017520339e-02
192 5.693336522680501e-01 3.930074313232752e-01  1.224029979674072e-02
193 5.739809831474331e-01 3.930640959859639e-01  1.214720947423088e-02
194 5.770510237245184e-01 3.931013010858833e-01  1.209102450656583e-02
195 5.797639186039091e-01 3.931340389262506e-01  1.204432139181914e-02
196 5.830616351941841e-01 3.931736679919794e-01  1.199045586814704e-02
197 5.869867285150867e-01 3.932206125033016e-01  1.193049826670972e-02
198 5.908968689785951e-01 3.932671529718705e-01  1.187525987093480e-02
199 5.935101942942890e-01 3.932981414785157e-01  1.184084044048773e-02
200 5.973745119124141e-01 3.933438055875011e-01  1.179361369133384e-02
201 5.999551326679171e-01 3.933742024633071e-01  1.176451324130564e-02
202 6.033827186613134e-01 3.934144684534109e-01  1.173252167642708e-02
203 6.068221503260249e-01 3.934547818997319e-01  1.171120153573252e-02
204 6.099670829505308e-01 3.934915946827797e-01  1.170115990630951e-02
205 6.127530862836749e-01 3.935241906239701e-01  1.169980740353429e-02
206 6.148350061838574e-01 3.935485517631593e-01  1.170342319795916e-02
207 6.175347766658199e-01 3.935801611070452e-01  1.171400526454011e-02
208 6.208286004580601e-01 3.936187783622141e-01  1.173592800951237e-02
209 6.236741018436952e-01 3.936522095001717e-01  1.176284171487302e-02
210 6.256097537727714e-01 3.936749998654903e-01  1.178590459444494e-02
211 6.290016764692161e-01 3.937150597204172e-01  1.183712446223725e-02
212 6.307343222888044e-01 3.937355960123157e-01  1.186859780543653e-02
213 6.330846513980318e-01 3.937635467446844e-01  1.191702967042257e-02
214 6.342776861554456e-01 3.937777801788453e-01  1.194414169557901e-02
215 6.354830526666836e-01 3.937921946234424e-01  1.197326267934008e-02
216 6.362428154212948e-01 3.938012987308169e-01  1.199251091972550e-02
217 6.370076075384037e-01 3.938104751572978e-01  1.200088437606255e-02
218 6.377775146379138e-01 3.938197106181973e-01  1.198638628482502e-02
219 6.385526246038381e-01 3.938289882290415e-01  1.194855254476748e-02
220 6.399111895731929e-01 3.938451459702204e-01  1.182599220390993e-02
221 6.405966099580717e-01 3.938532222800312e-01  1.173697322009864e-02
222 6.412862060273991e-01 3.938612798866093e-01  1.162901272841626e-02
223 6.423560040945741e-01 3.938736154189340e-01  1.142500674125985e-02
224 6.434360938759890e-01 3.938858246443745e-01  1.117587737661565e-02
225 6.442530666046765e-01 3.938948684169186e-01  1.095988445433567e-02
226 6.450760796814139e-01 3.939037907829829e-01  1.071829914316567e-02
227 6.459052458216866e-01 3.939125687198401e-01  1.045055310924328e-02
228 6.467406809562407e-01 3.939211781916537e-01  1.015605955577148e-02
229 6.484308368638861e-01 3.939377902053568e-01  9.484386481221163e-03
230 6.492858085827746e-01 3.939457391558623e-01  9.105933094995095e-03
231 6.497158241490923e-01 3.939496129689459e-01  8.912199645984289e-03
232 6.501475482459018e-01 3.939534197336945e-01  8.724032250792661e-03
233 6.510161896120595e-01 3.939608398503955e-01  8.364670441349142e-03
234 6.518918712506122e-01 3.939680155038497e-01  8.028409107566567e-03
235 6.527747357636267e-01 3.939749635655689e-01  7.715829853907213e-03
236 6.536649304127768e-01 3.939817018345723e-01  7.427535201779428e-03
237 6.548635215074511e-01 3.939903924477510e-01  7.082001280238746e-03
238 6.560757867091129e-01 3.939987700486208e-01  6.730462273682023e-03
239 6.573021154239099e-01 3.940067779133000e-01  6.320292336643170e-03
240 6.593061488827161e-01 3.940186784883864e-01  5.531910081266522e-03
241 6.634338794895610e-01 3.940374222564347e-01  3.446362779282621e-03
242 6.655615904543372e-01 3.940433824282362e-01  2.128535436333229e-03
243 6.677347671031536e-01 3.940463915185838e-01  6.120487766670201e-04
244 6.688391531413450e-01 3.940466095359161e-01 -2.246442551203013e-04
245 6.699558245361744e-01 3.940458812401039e-01 -1.073070269335566e-03
246 6.710851134782018e-01 3.940442041497894e-01 -1.890257757458642e-03
247 6.728034689309184e-01 3.940399417266254e-01 -3.054949123683647e-03
248 6.739658592742225e-01 3.940359598942523e-01 -3.788912014783703e-03
249 6.745522438437774e-01 3.940336338763483e-01 -4.142664378756384e-03
250 6.757356417144690e-01 3.940283245331422e-01 -4.822870242560409e-03
251 6.763327597534611e-01 3.940253467776482e-01 -5.148975022935795e-03
252 6.769335610467776e-01 3.940221575986583e-01 -5.465506809713363e-03
253 6.781464335280958e-01 3.940151153701193e-01 -6.174069956847505e-03
254 6.787586201496513e-01 3.940112094301361e-01 -6.593451949514008e-03
255 6.793747184813751e-01 3.940070064714867e-01 -7.057331587916818e-03
256 6.806188913867260e-01 3.939975813479279e-01 -8.122008028001707e-03
257 6.812470925842766e-01 3.939922921086023e-01 -8.724577495411733e-03
258 6.818794565293584e-01 3.939865716174354e-01 -9.375189822145915e-03
259 6.825160483256141e-01 3.939803831441095e-01 -1.007479163939426e-02
260 6.831569380872017e-01 3.939736980330317e-01 -1.077993450699476e-02
261 6.838021947667665e-01 3.939665249540289e-01 -1.144598153679931e-02
262 6.844518907681328e-01 3.939588827325853e-01 -1.207210567075245e-02
263 6.855774336384866e-01 3.939447315305747e-01 -1.305111447279552e-02
264 6.861453114352822e-01 3.939371926715292e-01 -1.349418983117702e-02
265 6.867166585973739e-01 3.939293636480804e-01 -1.390554052844837e-02
266 6.878699653551426e-01 3.939128946247836e-01 -1.463066356198721e-02
267 6.884520335225520e-01 3.939042812191011e-01 -1.496724419838485e-02
268 6.890377843940549e-01 3.938954119261382e-01 -1.531832267971432e-02
269 6.902205558938520e-01 3.938768572298023e-01 -1.606505540179283e-02
270 6.908176950758118e-01 3.938671464993002e-01 -1.646127160845489e-02
271 6.914187508302496e-01 3.938571292432674e-01 -1.687310816158387e-02
272 6.920237826818062e-01 3.938467917401194e-01 -1.730086318044660e-02
273 6.926328577412411e-01 3.938361196869213e-01 -1.774484730523852e-02
274 6.937107891329491e-01 3.938165822396383e-01 -1.848632715841582e-02
275 6.942546037572389e-01 3.938064376832940e-01 -1.881778590417480e-02
276 6.948017141612659e-01 3.937960576258364e-01 -1.912241212346402e-02
277 6.954418090411041e-01 3.937837130434386e-01 -1.944209018675463e-02
278 6.960864986597597e-01 3.937710858872037e-01 -1.972403843051343e-02
279 6.967358635865223e-01 3.937581965595927e-01 -1.996742569313060e-02
280 6.973899862001962e-01 3.937450664504059e-01 -2.017139482949868e-02
281 6.982214793759227e-01 3.937281794717122e-01 -2.046837608964714e-02
282 6.986401672940101e-01 3.937195692951810e-01 -2.066636067465025e-02
283 6.990608442412750e-01 3.937108278666965e-01 -2.089796496833904e-02
284 7.000252133626773e-01 3.936903727337888e-01 -2.155251695693559e-02
285 7.010002738920096e-01 3.936689640473185e-01 -2.238934127194600e-02
286 7.014919018135776e-01 3.936578385347594e-01 -2.287800394104180e-02
287 7.019863109954472e-01 3.936463966672342e-01 -2.341454923095374e-02
288 7.024835391569212e-01 3.936346210176325e-01 -2.393748690216383e-02
289 7.029836229517409e-01 3.936225353205073e-01 -2.438391033781556e-02
290 7.039482082561958e-01 3.935986844541818e-01 -2.501974072487632e-02
291 7.049236748776656e-01 3.935740874160722e-01 -2.536101637221623e-02
292 7.055580487451651e-01 3.935579735148306e-01 -2.542013416827850e-02
293 7.061971460118621e-01 3.935417430734602e-01 -2.534993087016680e-02
294 7.068410587036313e-01 3.935254780170228e-01 -2.514748033270333e-02
295 7.074898707464502e-01 3.935092643285301e-01 -2.480976398061358e-02
296 7.086143931025330e-01 3.934819323890457e-01 -2.364743040309863e-02
297 7.091823276315746e-01 3.934687572080370e-01 -2.271023159676733e-02
298 7.097541318838362e-01 3.934560977006620e-01 -2.152922928478903e-02
299 7.107818289186475e-01 3.934353046808923e-01 -1.880778866908515e-02
300 7.113004896762288e-01 3.934259733000557e-01 -1.714214283781915e-02
301 7.118224289760953e-01 3.934175065757934e-01 -1.526810531256000e-02
302 7.125247801013723e-01 3.934077575746761e-01 -1.243303828038552e-02
303 7.132332163728432e-01 3.933999736338962e-01 -9.616859585850903e-03
304 7.137701407726268e-01 3.933953142839805e-01 -7.781869141708336e-03
305 7.143106483479843e-01 3.933915486623214e-01 -6.195383762217247e-03
306 7.148548023466238e-01 3.933885520994662e-01 -4.862466946707980e-03
307 7.154026644815060e-01 3.933861946452245e-01 -3.788343417692990e-03
308 7.165097632356789e-01 3.933828492274047e-01 -2.438163048251332e-03
309 7.170691385179185e-01 3.933815725051323e-01 -2.173351991099426e-03
310 7.176324811894601e-01 3.933803841950138e-01 -2.044267221639633e-03
311 7.182832065246429e-01 3.933791047743668e-01 -1.886471406955961e-03
312 7.189393459832673e-01 3.933779217607312e-01 -1.717932710611849e-03
313 7.195536365982634e-01 3.933769171261904e-01 -1.551561067061951e-03
314 7.201727800044545e-01 3.933760105630736e-01 -1.375476803835037e-03
315 7.207968736258734e-01 3.933752097396970e-01 -1.189451960383217e-03
316 7.214260110788571e-01 3.933745226726004e-01 -9.932528448284444e-04
317 7.226027433854892e-01 3.933735989197327e-01 -5.560954186730483e-04
318 7.237977302660749e-01 3.933732627793351e-01  1.484017712434398e-05
319 7.262484117324218e-01 3.933751145038384e-01  1.586056620227589e-03
320 7.278704964988986e-01 3.933787389005964e-01  2.922056294072227e-03
321 7.295285611937107e-01 3.933848840089254e-01  4.531393065542019e-03
322 7.318003322786812e-01 3.933980497729652e-01  7.136441419556348e-03
323 7.339786785131736e-01 3.934167119906960e-01  1.006873329881700e-02
324 7.360495714855501e-01 3.934404404604557e-01  1.274189784116128e-02
325 7.381851375575605e-01 3.934700067960611e-01  1.483532633476830e-02
326 7.388658297489362e-01 3.934802878981398e-01  1.536105714780329e-02
327 7.395465219403118e-01 3.934909035759391e-01  1.581837190248713e-02
328 7.402272141316875e-01 3.935018072591828e-01  1.620727059881981e-02
329 7.407106889483358e-01 3.935097011851170e-01  1.644193916200231e-02
330 7.411941637649843e-01 3.935177002238952e-01  1.664209301530615e-02
331 7.416776385816325e-01 3.935257876885243e-01  1.680773215873129e-02
332 7.421714843646326e-01 3.935341207985354e-01  1.693048766945288e-02
333 7.426653301476326e-01 3.935425003035360e-01  1.699562478103794e-02
334 7.431591759306327e-01 3.935508977489228e-01  1.700314349348653e-02
335 7.441066147121038e-01 3.935669543497725e-01  1.685626249890965e-02
336 7.450540534935749e-01 3.935827713278379e-01  1.649731073890903e-02
337 7.460014922750459e-01 3.935981477590512e-01  1.592628821348469e-02
338 7.466055882888519e-01 3.936076296920697e-01  1.545148137231642e-02
339 7.472096843026579e-01 3.936168227056251e-01  1.500940094325727e-02
340 7.478137803164637e-01 3.936257944715750e-01  1.471898984635005e-02
341 7.484346771633751e-01 3.936348815587046e-01  1.457855719574796e-02
342 7.490555740102863e-01 3.936439311926087e-01  1.459834750236362e-02
343 7.496764708571978e-01 3.936530428552162e-01  1.477836076619710e-02
344 7.502693612325286e-01 3.936618928738847e-01  1.509979957626901e-02
345 7.508622516078596e-01 3.936709767796179e-01  1.556733314489787e-02
346 7.514551419831904e-01 3.936803640050220e-01  1.609400321865624e-02
347 7.525941902459138e-01 3.936992373963318e-01  1.702776116611239e-02
348 7.537332385086372e-01 3.937191158996923e-01  1.785883107260315e-02
349 7.548722867713605e-01 3.937398825484688e-01  1.858721293812838e-02
350 7.554649266566752e-01 3.937509997077581e-01  1.892557249006308e-02
351 7.560575665419901e-01 3.937623091552392e-01  1.923613379753242e-02
352 7.566502064273047e-01 3.937737944165640e-01  1.951889686053606e-02
353 7.571720255822257e-01 3.937840352087405e-01  1.971936366047794e-02
354 7.576938447371466e-01 3.937943616831109e-01  1.984729490023409e-02
355 7.582156638920674e-01 3.938047359892303e-01  1.990269057980457e-02
356 7.587502755105433e-01 3.938153746533690e-01  1.988421960690441e-02
357 7.592848871290191e-01 3.938259830912255e-01  1.978961304342734e-02
358 7.598194987474948e-01 3.938365205998282e-01  1.961887088937346e-02
359 7.608509536378594e-01 3.938565000895904e-01  1.907429887204089e-02
360 7.618824085282240e-01 3.938758621100533e-01  1.850922917131068e-02
361 7.629138634185885e-01 3.938947663052252e-01  1.818657165251278e-02
362 7.634083575670957e-01 3.939037401715267e-01  1.811785073766004e-02
363 7.639028517156029e-01 3.939126938312398e-01  1.810484535403313e-02
364 7.643973458641101e-01 3.939216548353691e-01  1.814755550163203e-02
365 7.649034143844603e-01 3.939308619378543e-01  1.824895229476799e-02
366 7.654094829048104e-01 3.939401351196929e-01  1.840870335358478e-02
367 7.659155514251604e-01 3.939494935851708e-01  1.856558986650379e-02
368 7.668905267249378e-01 3.939676731776409e-01  1.868718397492202e-02
369 7.678655020247153e-01 3.939858553695738e-01  1.857092223307332e-02
370 7.688404773244927e-01 3.940038082573905e-01  1.821680464095768e-02
371 7.693071452507443e-01 3.940122523856837e-01  1.796313673244884e-02
372 7.697738131769958e-01 3.940205654201795e-01  1.765497559812971e-02
373 7.702404811032473e-01 3.940287219306375e-01  1.729232123800031e-02
374 7.706702082805560e-01 3.940360724576228e-01  1.691018051611393e-02
375 7.710999354578649e-01 3.940432562382786e-01  1.653348063572320e-02
376 7.715296626351739e-01 3.940502904071398e-01  1.621386991494903e-02
377 7.722982624147509e-01 3.940625757144846e-01  1.578459020085884e-02
378 7.730668621943281e-01 3.940746012616428e-01  1.553793897316064e-02
379 7.738354619739051e-01 3.940865074168292e-01  1.547391623185457e-02
380 7.745433598025326e-01 3.940974885434152e-01  1.557651262381889e-02
381 7.752512576311600e-01 3.941085971317425e-01  1.583402961530252e-02
382 7.759591554597874e-01 3.941199159743465e-01  1.613257187075795e-02
383 7.763222371506143e-01 3.941257966612532e-01  1.625742211364165e-02
384 7.766853188414413e-01 3.941317191989022e-01  1.636310259394256e-02
385 7.770484005322683e-01 3.941376766271039e-01  1.644961331166062e-02
386 7.776874876579708e-01 3.941482263042037e-01  1.655532019039182e-02
387 7.783265747836734e-01 3.941588245588676e-01  1.660163503859758e-02
388 7.789656619093760e-01 3.941694334344139e-01  1.658855785627789e-02
389 7.797933041838405e-01 3.941831743044941e-01  1.665786043270954e-02
390 7.806209464583050e-01 3.941970757355864e-01  1.697655401610626e-02
391 7.814485887327697e-01 3.942113441342310e-01  1.754463860646823e-02
392 7.822271124453054e-01 3.942252853523799e-01  1.830663782811310e-02
393 7.830056361578412e-01 3.942399057025854e-01  1.928930494246805e-02
394 7.837841598703772e-01 3.942553769800345e-01  2.049263994953289e-02
395 7.842910015952079e-01 3.942659881405179e-01  2.139464073205633e-02
396 7.847978433200385e-01 3.942770437416678e-01  2.217452298804368e-02
397 7.853046850448692e-01 3.942884090230545e-01  2.261664050740560e-02
398 7.858241557645362e-01 3.943001997241290e-01  2.271928055185870e-02
399 7.863436264842033e-01 3.943119515878724e-01  2.246711396149253e-02
400 7.868630972038705e-01 3.943234803026266e-01  2.186014073630684e-02
401 7.873959339409494e-01 3.943348806881783e-01  2.086893216718848e-02
402 7.879287706780281e-01 3.943456534674326e-01  1.950442367000305e-02
403 7.884616074151071e-01 3.943556649716218e-01  1.813392746364644e-02
404 7.890086222043419e-01 3.943652851285743e-01  1.710283818344499e-02
405 7.895556369935766e-01 3.943744454185273e-01  1.645255793325683e-02
406 7.901026517828114e-01 3.943833541496519e-01  1.618308671308168e-02
407 7.906647523427209e-01 3.943924655075678e-01  1.630289089650889e-02
408 7.912268529026306e-01 3.944017572185974e-01  1.682479791721480e-02
409 7.917889534625401e-01 3.944114553049705e-01  1.774880777519900e-02
410 7.923671526343089e-01 3.944219952059865e-01  1.861026716611846e-02
411 7.929453518060777e-01 3.944328621570647e-01  1.888007906825243e-02
412 7.935235509778465e-01 3.944437140681176e-01  1.855824348160091e-02
413 7.938187180036781e-01 3.944491377298344e-01  1.816583950103088e-02
414 7.941138850295092e-01 3.944544228115852e-01  1.761924993521894e-02
415 7.944090520553407e-01 3.944595238028691e-01  1.691847478416357e-02
416 7.949964762414217e-01 3.944689476502745e-01  1.506506878034281e-02
417 7.955839004275028e-01 3.944771033988729e-01  1.260098552448262e-02
418 7.961713246135839e-01 3.944838532903288e-01  1.065471916617339e-02
419 7.967294392130636e-01 3.944896403080130e-01  1.033070799248221e-02
420 7.972875538125432e-01 3.944956612040462e-01  1.149282069335352e-02
421 7.978456684120229e-01 3.945027454058597e-01  1.414105726878643e-02
422 7.985268808475222e-01 3.945140397006575e-01  1.938733026749486e-02
423 7.992080932830214e-01 3.945296619166711e-01  2.684758166654871e-02
424 7.998893057185207e-01 3.945511202435189e-01  3.652181146594934e-02
425 8.003308938844379e-01 3.945687082677835e-01  4.294903867695719e-02
426 8.007724820503550e-01 3.945888864948123e-01  4.825311662491133e-02
427 8.012140702162721e-01 3.946111589551828e-01  5.243404530981349e-02
428 8.016654365915712e-01 3.946355725594962e-01  5.554682353356487e-02
429 8.021168029668703e-01 3.946611263414674e-01  5.748616137435087e-02
430 8.025681693421692e-01 3.946872906495642e-01  5.825205883217142e-02
431 8.029969109720767e-01 3.947122265621471e-01  5.789287921418134e-02
432 8.034256526019842e-01 3.947368383008195e-01  5.687229752923233e-02
433 8.038543942318915e-01 3.947609558684033e-01  5.558766295344318e-02
434 8.042587524784633e-01 3.947831472394992e-01  5.413413397752662e-02
435 8.046631107250350e-01 3.948047033778448e-01  5.244573247131627e-02
436 8.050674689716067e-01 3.948255293107956e-01  5.052245843481123e-02
437 8.054799029931926e-01 3.948459204613702e-01  4.831881746745093e-02
438 8.058923370147782e-01 3.948653523667481e-01  4.587082861574775e-02
439 8.063047710363640e-01 3.948836586914404e-01  4.270162936278021e-02
440 8.070303615048670e-01 3.949117890336726e-01  3.421813971348846e-02
441 8.077559519733698e-01 3.949324185371254e-01  2.202649895456530e-02
442 8.084815424418728e-01 3.949428566026976e-01  6.126707086007039e-03
443 8.088538207837681e-01 3.949433813416642e-01 -3.470328304875791e-03
444 8.092260991256635e-01 3.949401516152729e-01 -1.404349856598414e-02
445 8.095983774675588e-01 3.949328040296528e-01 -2.559280369732432e-02
446 8.103354242507866e-01 3.949053584935934e-01 -4.860994261437306e-02
447 8.110724710340144e-01 3.948615487792649e-01 -6.999752437876901e-02
448 8.118095178172421e-01 3.948025759465247e-01 -8.975554899051573e-02
449 8.121456050307164e-01 3.947709776792044e-01 -9.822409626911187e-02
450 8.124816922441908e-01 3.947365901798534e-01 -1.063538122910125e-01
451 8.128177794576651e-01 3.946995273253248e-01 -1.141446970562177e-01
452 8.131590316966238e-01 3.946592746531891e-01 -1.217086309371023e-01
453 8.135002839355826e-01 3.946165003757652e-01 -1.289232391440372e-01
454 8.138415361745414e-01 3.945713085551005e-01 -1.359216735159714e-01
455 8.144381751250984e-01 3.944866090616588e-01 -1.479581342375096e-01
456 8.150348140756553e-01 3.943948038558280e-01 -1.597408103058811e-01
457 8.156314530262123e-01 3.942960443554177e-01 -1.712697017210904e-01
458 8.162436665973848e-01 3.941876366463460e-01 -1.828357342113676e-01
459 8.168558801685574e-01 3.940722298491375e-01 -1.941345595628126e-01
460 8.174680937397300e-01 3.939499875516290e-01 -2.051661777754255e-01
461 8.177804071934828e-01 3.938851911014680e-01 -2.093053707395941e-01
462 8.180927206472356e-01 3.938195455042258e-01 -2.106039651713416e-01
463 8.184050341009884e-01 3.937539379170408e-01 -2.090619610706701e-01
464 8.186766028629405e-01 3.936976101890343e-01 -2.054122366397652e-01
465 8.189481716248928e-01 3.936425652460114e-01 -1.996147406008068e-01
466 8.192197403868450e-01 3.935893863556484e-01 -1.916694729537995e-01
467 8.197720919458845e-01 3.934894016242625e-01 -1.688826333141503e-01
468 8.203244435049241e-01 3.934032770937479e-01 -1.436196005500547e-01
469 8.208767950639636e-01 3.933300205336202e-01 -1.222892267180847e-01
470 8.211174897738278e-01 3.933015717148574e-01 -1.142244669772399e-01
471 8.213581844836922e-01 3.932749741690286e-01 -1.069064795444933e-01
472 8.215988791935566e-01 3.932500481519895e-01 -1.003352644198527e-01
473 8.220870023334581e-01 3.932038899523411e-01 -8.930183539391018e-02
474 8.225751254733596e-01 3.931623678527947e-01 -8.133964744090791e-02
475 8.230632486132611e-01 3.931242933376867e-01 -7.453958288026773e-02
476 8.235608536187194e-01 3.930890859198119e-01 -6.683852510344655e-02
477 8.240584586241778e-01 3.930579037314980e-01 -5.836117021695343e-02
478 8.245560636296364e-01 3.930311330620723e-01 -4.910751822078405e-02
479 8.250274958378924e-01 3.930101901316909e-01 -3.962446156871374e-02
480 8.254989280461483e-01 3.929938820624114e-01 -2.944462281078862e-02
481 8.259703602544043e-01 3.929825373397606e-01 -1.856800194700872e-02
482 8.261909813243227e-01 3.929790043014290e-01 -1.353270954261236e-02
483 8.264116023942411e-01 3.929765341047427e-01 -8.933005202383751e-03
484 8.266322234641595e-01 3.929750306497968e-01 -4.768888926325517e-03
485 8.270788362095245e-01 3.929745518640100e-01  2.327309027012598e-03
486 8.275254489548897e-01 3.929768437232878e-01  7.638482306780338e-03
487 8.279720617002547e-01 3.929811090128603e-01  1.116463091297308e-02
488 8.283603006307639e-01 3.929858006937990e-01  1.277959127286467e-02
489 8.287485395612734e-01 3.929909291343146e-01  1.359904994211860e-02
490 8.291367784917826e-01 3.929963287238544e-01  1.417640649511170e-02
491 8.295298207774269e-01 3.930019751799475e-01  1.451429256151737e-02
492 8.299228630630712e-01 3.930077056767951e-01  1.460404879954857e-02
493 8.303159053487156e-01 3.930134226888822e-01  1.444567520920514e-02
494 8.307139367978366e-01 3.930190987175831e-01  1.403241692110637e-02
495 8.311119682469575e-01 3.930245596131197e-01  1.336468944891982e-02
496 8.315099996960785e-01 3.930297040887539e-01  1.244249279264557e-02
497 8.319132232327419e-01 3.930345091278237e-01  1.139626656487527e-02
498 8.323164467694052e-01 3.930388991160083e-01  1.038382881235603e-02
499 8.327196703060685e-01 3.930428876776156e-01  9.405179535088418e-03
500 8.331283030001208e-01 3.930465341664877e-01  8.447873300574034e-03
501 8.335369356941728e-01 3.930497965587334e-01  7.525268152085063e-03
502 8.339455683882249e-01 3.930526890343507e-01  6.637364089620735e-03
503 8.345691592444581e-01 3.930564222121075e-01  5.349268467643878e-03
504 8.351927501006914e-01 3.930594047257838e-01  4.273723870417290e-03
505 8.358163409569245e-01 3.930618238877203e-01  3.542469235812058e-03
506 8.361811166217618e-01 3.930630636053986e-01  3.274316737476370e-03
507 8.365458922865990e-01 3.930642269944070e-01  3.123972731976106e-03
508 8.369106679514363e-01 3.930653570284162e-01  3.091437219311260e-03
509 8.372792347893588e-01 3.930665087274048e-01  3.178215019664592e-03
510 8.376478016272814e-01 3.930677145735839e-01  3.385262844102285e-03
511 8.380163684652039e-01 3.930690057839548e-01  3.605865654241734e-03
512 8.387654052980724e-01 3.930717911297442e-01  3.767145380961758e-03
513 8.395144421309411e-01 3.930745531757562e-01  3.543653019529801e-03
514 8.402634789638096e-01 3.930770037135244e-01  2.935388569945993e-03
515 8.408364667273603e-01 3.930784886840602e-01  2.210338971026770e-03
516 8.414094544909112e-01 3.930794937035803e-01  1.260131100047015e-03
517 8.419824422544618e-01 3.930798897591502e-01  8.476495700759588e-05
518 8.423701512452975e-01 3.930797476291870e-01 -8.335572665487969e-04
519 8.427578602361331e-01 3.930792312966881e-01 -1.845561884048391e-03
520 8.431455692269686e-01 3.930783044401471e-01 -2.951248895490858e-03
521 8.436583552835420e-01 3.930763862450067e-01 -4.557527702998763e-03
522 8.441711413401155e-01 3.930736023555081e-01 -6.327683754150716e-03
523 8.446839273966891e-01 3.930698687376857e-01 -8.261717048947150e-03
524 8.450295186787554e-01 3.930667745023386e-01 -9.657594896726797e-03
525 8.453751099608219e-01 3.930632013479113e-01 -1.098601071752549e-02
526 8.457207012428882e-01 3.930592052807293e-01 -1.210506840994434e-02
527 8.460694100984458e-01 3.930548180673297e-01 -1.302202153259525e-02
528 8.464181189540033e-01 3.930501482683207e-01 -1.372582225695669e-02
529 8.467668278095609e-01 3.930452702118311e-01 -1.421647058302864e-02
530 8.471187845275395e-01 3.930402111490053e-01 -1.449554920586938e-02
531 8.474707412455182e-01 3.930350920747841e-01 -1.455748635108141e-02
532 8.478226979634970e-01 3.930299770108932e-01 -1.450799964612401e-02
533 8.481780509899240e-01 3.930248312831141e-01 -1.445224632068732e-02
534 8.485334040163511e-01 3.930197064009712e-01 -1.439067611348332e-02
535 8.488887570427783e-01 3.930146044315110e-01 -1.432328902451198e-02
536 8.492476616484015e-01 3.930094768328258e-01 -1.424932405702802e-02
537 8.496065662540246e-01 3.930043768453307e-01 -1.416942535296708e-02
538 8.499654708596477e-01 3.929993065986712e-01 -1.408359291232916e-02
539 8.509194948230495e-01 3.929859897750307e-01 -1.382658735457743e-02
540 8.518800581742600e-01 3.929728455639145e-01 -1.353833205619817e-02
541 8.538216131207105e-01 3.929471643689370e-01 -1.290450933334643e-02
542 8.548033900766270e-01 3.929346637147047e-01 -1.255793712856043e-02
543 8.557928447720669e-01 3.929224183028968e-01 -1.219093787558690e-02
544 8.567903286046517e-01 3.929104500389371e-01 -1.180295768279761e-02
545 8.577962139923784e-01 3.928987820569937e-01 -1.139340502372147e-02
546 8.586884686367604e-01 3.928887840985930e-01 -1.101473389337029e-02
547 8.595854897882750e-01 3.928790846532723e-01 -1.060336583310665e-02
548 8.613944700076219e-01 3.928607538103072e-01 -9.631400690371746e-03
549 8.623070693636089e-01 3.928522172211966e-01 -9.068819969659964e-03
550 8.632253373467142e-01 3.928441682166787e-01 -8.453844732656493e-03
551 8.641495470077548e-01 3.928366601740618e-01 -7.785361734194188e-03
552 8.650799906725749e-01 3.928297488698113e-01 -7.062177529324671e-03
553 8.659077304888955e-01 3.928241842603631e-01 -6.376490262772023e-03
554 8.675725794719208e-01 3.928146955716443e-01 -5.054915816036164e-03
555 8.684101611813201e-01 3.928107126398160e-01 -4.463873407095107e-03
556 8.692513372281866e-01 3.928071899600828e-01 -3.920041944275916e-03
557 8.700962931922489e-01 3.928040908241754e-01 -3.423957068783841e-03
558 8.709452209932834e-01 3.928013777813879e-01 -2.976198383602407e-03
559 8.726556321146832e-01 3.927969562685540e-01 -2.228272414550329e-03
560 8.734195610308088e-01 3.927953588046275e-01 -1.960812424011357e-03
561 8.741852290912173e-01 3.927939584507827e-01 -1.688898917964219e-03
562 8.757220364374638e-01 3.927918704792369e-01 -9.955519403954225e-04
563 8.764843377311285e-01 3.927912674353723e-01 -5.785361672636783e-04
564 8.772672642156962e-01 3.927909985632690e-01 -9.978085756082870e-05
565 8.780339527910295e-01 3.927911176463799e-01  4.185954329802318e-04
566 8.788217871076062e-01 3.927916739809842e-01  1.002347124594473e-03
567 8.803007808566575e-01 3.927940477526970e-01  2.238044890247981e-03
568 8.809917760029150e-01 3.927958035906298e-01  2.837019424530132e-03
569 8.817003458643450e-01 3.927980185929925e-01  3.407665590287844e-03
570 8.831021290344225e-01 3.928035157412587e-01  4.406641103494136e-03
571 8.837954823653591e-01 3.928067227169706e-01  4.836944310698176e-03
572 8.852017756434351e-01 3.928140677182809e-01  5.580000269207256e-03
573 8.859151735319272e-01 3.928181618982317e-01  5.890518069857920e-03
574 8.873275770747123e-01 3.928268433249264e-01  6.373396776217071e-03
575 8.879515865538240e-01 3.928308781382622e-01  6.563741176062970e-03
576 8.885907916955592e-01 3.928351446930199e-01  6.791320851491388e-03
577 8.898513157380804e-01 3.928440356297458e-01  7.336793709440229e-03
578 8.904727380931707e-01 3.928486914870621e-01  7.652921571127216e-03
579 8.911095687411172e-01 3.928536768211988e-01  8.009239290300540e-03
580 8.917298386816762e-01 3.928587605020853e-01  8.387772257528896e-03
581 8.929847382748907e-01 3.928698131472299e-01  9.248607441660764e-03
582 8.936196191196668e-01 3.928758368159069e-01  9.732562649508714e-03
583 8.948051028104317e-01 3.928879184023032e-01  1.064166267121374e-02
584 8.959195328958950e-01 3.929002327304139e-01  1.145076333331495e-02
585 8.964667460906020e-01 3.929066035074688e-01  1.183190672678808e-02
586 8.975698474614662e-01 3.929200652160100e-01  1.256791097713454e-02
587 8.986651946395504e-01 3.929342121699289e-01  1.325598307712009e-02
588 8.992171814053505e-01 3.929416210381588e-01  1.358658259636895e-02
589 9.003005618777062e-01 3.929566786822932e-01  1.420398852790108e-02
590 9.012646917543399e-01 3.929706148062445e-01  1.469041124700496e-02
591 9.017357869630165e-01 3.929775845863117e-01  1.489573688417331e-02
592 9.024478930015962e-01 3.929882909639580e-01  1.516579153534744e-02
593 9.031559626166175e-01 3.929991102635428e-01  1.538620041253547e-02
594 9.040822937232936e-01 3.930134693196401e-01  1.560210851476031e-02
595 9.054402446419889e-01 3.930347903142779e-01  1.577019663469395e-02
596 9.062877410683178e-01 3.930481669095803e-01  1.578566744715042e-02
597 9.070735246845215e-01 3.930605760682805e-01  1.581366879928417e-02
598 9.078428777284416e-01 3.930727812444694e-01  1.592929168454049e-02
599 9.089705873843593e-01 3.930909117316197e-01  1.625649094029193e-02
600 9.095134345501432e-01 3.930997954530767e-01  1.648085244478698e-02
601 9.100492439429100e-01 3.931086949019157e-01  1.674491431560377e-02
602 9.107148766882035e-01 3.931199660416801e-01  1.713191528352073e-02
603 9.116297575922055e-01 3.931359223787097e-01  1.777043349712730e-02
604 9.124951400692308e-01 3.931515700685310e-01  1.837342128675342e-02
605 9.133280159188483e-01 3.931670754702589e-01  1.884165730473722e-02
606 9.142693459053141e-01 3.931850094853373e-01  1.923850024731642e-02
607 9.149267363872967e-01 3.931977241608509e-01  1.943234497542771e-02
608 9.155525177425654e-01 3.932099256203350e-01  1.955322840423225e-02
609 9.164869033135910e-01 3.932282369991885e-01  1.961818753233182e-02
610 9.172578077560196e-01 3.932433472963683e-01  1.956759124884565e-02
611 9.180672459870459e-01 3.932591464901407e-01  1.947225140339467e-02
612 9.188814173555275e-01 3.932749661542005e-01  1.939096271555833e-02
613 9.196663265537399e-01 3.932901600966694e-01  1.932646645808052e-02
614 9.204121758422753e-01 3.933045558137417e-01  1.927779718322437e-02
615 9.212019913387558e-01 3.933197657497159e-01  1.923966296999517e-02
616 9.216523716001188e-01 3.933284272390778e-01  1.922409031647217e-02
617 9.222028668728675e-01 3.933390061394872e-01  1.921114502365222e-02
618 9.230507217474798e-01 3.933552903820671e-01  1.920430948399370e-02
619 9.239467611118554e-01 3.933724898369531e-01  1.917572579569631e-02
620 9.245947308088783e-01 3.933848980970548e-01  1.911797747343633e-02
621 9.250609511710185e-01 3.933937977398374e-01  1.905717557403360e-02
622 9.254976866145407e-01 3.934021055694753e-01  1.898560398161372e-02
623 9.263876359069022e-01 3.934189217806011e-01  1.879600354228141e-02
624 9.273293192282901e-01 3.934365022627823e-01  1.853145856018525e-02
625 9.281060592001710e-01 3.934507953249942e-01  1.826378342893688e-02
626 9.285487970137251e-01 3.934588428256903e-01  1.808511288454548e-02
627 9.291440906098587e-01 3.934695271385414e-01  1.780278489748924e-02
628 9.295969196531862e-01 3.934775338655778e-01  1.755569301079645e-02
629 9.300625329138582e-01 3.934856432447701e-01  1.727249542222264e-02
630 9.309518244725085e-01 3.935007345148621e-01  1.664953059971932e-02
631 9.315517561937472e-01 3.935105812277367e-01  1.616840891451768e-02
632 9.323390719500098e-01 3.935230385697659e-01  1.546261418122450e-02
633 9.327838636370583e-01 3.935298250003413e-01  1.505871150013629e-02
634 9.336631060293321e-01 3.935427519004308e-01  1.437026355536787e-02
635 9.347478158652338e-01 3.935579678755388e-01  1.372216740306804e-02
636 9.352447918582187e-01 3.935647301969193e-01  1.349948488140621e-02
637 9.360343151272614e-01 3.935752788291063e-01  1.324166577965374e-02
638 9.365137027651323e-01 3.935816012358839e-01  1.314258252938743e-02
639 9.367720563704123e-01 3.935849918258705e-01  1.310718835082478e-02
640 9.373613362614711e-01 3.935926835442858e-01  1.297702429713752e-02
641 9.379620543408724e-01 3.936004064042845e-01  1.271296490527788e-02
642 9.386076888664866e-01 3.936084832221747e-01  1.228128366580939e-02
643 9.391307736973782e-01 3.936147909032844e-01  1.181919503863979e-02
644 9.395135601232792e-01 3.936192399327268e-01  1.141732150572725e-02
645 9.401633614150364e-01 3.936264056164221e-01  1.061181318093606e-02
646 9.406585679753768e-01 3.936314865789783e-01  9.893743386295889e-03
647 9.413133902311484e-01 3.936376350121675e-01  8.885475201988725e-03
648 9.416870755454615e-01 3.936408480012771e-01  8.310845204089779e-03
649 9.424059969436299e-01 3.936464258905277e-01  7.206876054827506e-03
650 9.427437098217053e-01 3.936487722840993e-01  6.688988373723509e-03
651 9.434292306937454e-01 3.936529977630607e-01  5.639110247765413e-03
652 9.444577320257752e-01 3.936579889963651e-01  4.067419887275767e-03
653 9.449450123080397e-01 3.936597898636307e-01  3.324240397368772e-03
654 9.455029920112251e-01 3.936614088300547e-01  2.481192910651691e-03
655 9.458334407884160e-01 3.936621472586579e-01  1.988922210270659e-03
656 9.462279040240811e-01 3.936628170166264e-01  1.408108954612284e-03
657 9.469239765937605e-01 3.936634454181992e-01  4.013063827634286e-04
658 9.474366187777480e-01 3.936634643382789e-01 -3.254031055209467e-04
659 9.477947550495558e-01 3.936632580386123e-01 -8.256507736114067e-04
660 9.482008327166022e-01 3.936628088306943e-01 -1.385461919124800e-03
661 9.489515284294757e-01 3.936613864169399e-01 -2.399645915860811e-03
662 9.493428386292284e-01 3.936603408041237e-01 -2.956127775803113e-03
663 9.497456755753599e-01 3.936590224002912e-01 -3.601772043375675e-03
664 9.503337872036172e-01 3.936565957113211e-01 -4.676930767704390e-03
665 9.509757074213858e-01 3.936531692205255e-01 -6.030065913285456e-03
666 9.516927375947740e-01 3.936482381107622e-01 -7.763177382959439e-03
667 9.524921373652783e-01 3.936411690779162e-01 -9.971128265356727e-03
668 9.529387280522963e-01 3.936364157458541e-01 -1.133119159234881e-02
669 9.531679467044016e-01 3.936337381415854e-01 -1.202126318451574e-02
670 9.535196038588919e-01 3.936293417026840e-01 -1.295831304772633e-02
671 9.543562682499253e-01 3.936177568274840e-01 -1.459575638836410e-02
672 9.547283178295277e-01 3.936122357302819e-01 -1.505613305707498e-02
673 9.554498784018493e-01 3.936011819235377e-01 -1.547914120342665e-02
674 9.560495123045141e-01 3.935919147438744e-01 -1.535895326490636e-02
675 9.564238895834237e-01 3.935862141825384e-01 -1.506679333103852e-02
676 9.568152274824547e-01 3.935803849922080e-01 -1.474935641398064e-02
677 9.575029280556157e-01 3.935703349968878e-01 -1.455586931296736e-02
678 9.579378799719759e-01 3.935639851003309e-01 -1.467324764161842e-02
679 9.585127369784079e-01 3.935554391134969e-01 -1.511340300924299e-02
680 9.590935716094695e-01 3.935464518848184e-01 -1.588772462930635e-02
681 9.595505888219518e-01 3.935390062949208e-01 -1.672987061978732e-02
682 9.599057012114263e-01 3.935329276461204e-01 -1.752583865021344e-02
683 9.605232787336280e-01 3.935216549857182e-01 -1.896143373317516e-02
684 9.610049522379859e-01 3.935122681960123e-01 -2.000287503154021e-02
685 9.615786242338850e-01 3.935004583389635e-01 -2.115377085443806e-02
686 9.619377568810138e-01 3.934927397015857e-01 -2.182475938214575e-02
687 9.624357376107165e-01 3.934816523919673e-01 -2.269209732317157e-02
688 9.630394971015406e-01 3.934676586254424e-01 -2.364538206143734e-02
689 9.633970639802995e-01 3.934591108394531e-01 -2.415915824151272e-02
690 9.637671582077982e-01 3.934500805038562e-01 -2.462586770484212e-02
691 9.643428704726896e-01 3.934357356199181e-01 -2.517093953564047e-02
692 9.647381678362607e-01 3.934257334300822e-01 -2.541765490748694e-02
693 9.653613023901464e-01 3.934098259397076e-01 -2.559569448496420e-02
694 9.660255409520047e-01 3.933928394010382e-01 -2.550133341126138e-02
695 9.664944973510694e-01 3.933809317015704e-01 -2.525813121612466e-02
696 9.667376884976129e-01 3.933748106843001e-01 -2.507446374494405e-02
697 9.669871218117945e-01 3.933685793067585e-01 -2.490175639776264e-02
698 9.673737860787888e-01 3.933589806113547e-01 -2.477567710964425e-02
699 9.680478254794678e-01 3.933422455277757e-01 -2.496763812882730e-02
700 9.684699112715829e-01 3.933316326598583e-01 -2.535429084790708e-02
701 9.689121697500185e-01 3.933202895452866e-01 -2.597956908390690e-02
702 9.692193730521387e-01 3.933122242376804e-01 -2.654649625679121e-02
703 9.698669295067659e-01 3.932945577374560e-01 -2.809758439059430e-02
704 9.702093496906151e-01 3.932847665608280e-01 -2.911300520896202e-02
705 9.705593518577819e-01 3.932744083415055e-01 -3.000471430165267e-02
706 9.709240606981158e-01 3.932633652206225e-01 -3.047595043279623e-02
707 9.713049636380983e-01 3.932517419535979e-01 -3.046915697010916e-02
708 9.718065074665441e-01 3.932366206268925e-01 -2.968265767745070e-02
709 9.721226022928442e-01 3.932273789493950e-01 -2.873291271487430e-02
710 9.723402750286935e-01 3.932212149552343e-01 -2.787476693653690e-02
711 9.726780383538828e-01 3.932120691414629e-01 -2.621358560491116e-02
712 9.730305236760796e-01 3.932031883127063e-01 -2.412887276062946e-02
713 9.733992845661639e-01 3.931947391390091e-01 -2.164400920791850e-02
714 9.737826870195698e-01 3.931869884708707e-01 -1.873098316110697e-02
715 9.740542027462660e-01 3.931822065443177e-01 -1.646487722707569e-02
716 9.744803198560195e-01 3.931760059397335e-01 -1.256878632585599e-02
717 9.747783288101366e-01 3.931726980309363e-01 -9.597452580961010e-03
718 9.750886867451185e-01 3.931702273651695e-01 -6.287257716394834e-03
719 9.754126286419442e-01 3.931687855006243e-01 -2.563452522349988e-03
720 9.757515930660786e-01 3.931686232857924e-01  1.662483859739820e-03
721 9.761056805329980e-01 3.931700463568311e-01  6.436753127587318e-03
722 9.764766469619092e-01 3.931734226062071e-01  1.183295381939517e-02
723 9.767683610761246e-01 3.931775286447379e-01  1.635974736729633e-02
724 9.770729060587853e-01 3.931832641863476e-01  2.135188125272501e-02
725 9.772837463411074e-01 3.931881448721667e-01  2.496731371484516e-02
726 9.776128370082676e-01 3.931973183032888e-01  3.081819145451424e-02
727 9.779589781110262e-01 3.932090836486494e-01  3.720094826388661e-02
728 9.782002841462574e-01 3.932186117690104e-01  4.178930347541065e-02
729 9.784508704341061e-01 3.932296931420785e-01  4.667475225890679e-02
730 9.787115955007628e-01 3.932425391850343e-01  5.188833590116322e-02
731 9.789834483492148e-01 3.932574000696043e-01  5.746613097537892e-02
732 9.791239115797514e-01 3.932656778829794e-01  6.040479340066985e-02
733 9.792676036547621e-01 3.932745696238116e-01  6.331900046581466e-02
734 9.795653555624455e-01 3.932942398863594e-01  6.864622330141848e-02
735 9.797668318340308e-01 3.933083861362406e-01  7.170650155861087e-02
736 9.799752271839411e-01 3.933236192527961e-01  7.440954188777657e-02
737 9.802648254462675e-01 3.933456209137068e-01  7.738522395444765e-02
738 9.805693019493084e-01 3.933695355944428e-01  7.953471116355064e-02
739 9.808905192789498e-01 3.933953029064228e-01  8.071450336056835e-02
740 9.812307373686521e-01 3.934228043298666e-01  8.074603468559693e-02
741 9.814088466727120e-01 3.934371516092310e-01  8.032335698703448e-02
742 9.815927978854162e-01 3.934518692019765e-01  7.965336983600381e-02
743 9.818806600088031e-01 3.934745929012595e-01  7.812886349576803e-02
744 9.821844764274300e-01 3.934980059800518e-01  7.588977859463046e-02
745 9.823969578724783e-01 3.935139295333617e-01  7.393929566648781e-02
746 9.826182402083717e-01 3.935300353573756e-01  7.157158870264015e-02
747 9.829685609051837e-01 3.935543539679501e-01  6.712129993386247e-02
748 9.832159815786213e-01 3.935705528337035e-01  6.389369694731223e-02
749 9.833443214356631e-01 3.935786553329685e-01  6.239226948459603e-02
750 9.836111200599855e-01 3.935949241764811e-01  5.964871053792489e-02
751 9.838928861633368e-01 3.936113876115476e-01  5.730497284057075e-02
752 9.840400267841972e-01 3.936197441881091e-01  5.630714335788755e-02
753 9.841917120016586e-01 3.936282173659078e-01  5.544088035483465e-02
754 9.845100125055827e-01 3.936456409624638e-01  5.415901960259584e-02
755 9.846774738615321e-01 3.936546334843105e-01  5.302094188958434e-02
756 9.848510609031211e-01 3.936636352446998e-01  5.045924902447148e-02
757 9.850313026933178e-01 3.936723790126843e-01  4.631061026157085e-02
758 9.851712180814207e-01 3.936785707881112e-01  4.204448775264342e-02
759 9.854142519398222e-01 3.936876803906385e-01  3.246161707910784e-02
760 9.856709760960144e-01 3.936943960886333e-01  1.934393836443435e-02
761 9.858323647930323e-01 3.936967417898871e-01  9.522354876124553e-03
762 9.859998240195883e-01 3.936974803629118e-01 -4.023635312280144e-04
763 9.861738937762170e-01 3.936966498457849e-01 -8.816845840133310e-03
764 9.862939223327957e-01 3.936953019192153e-01 -1.348960945001034e-02
765 9.864804332776301e-01 3.936922448203115e-01 -1.892138846191344e-02
766 9.866754292305905e-01 3.936881940634498e-01 -2.222019520222508e-02
767 9.868105999828017e-01 3.936851193257063e-01 -2.307907920523129e-02
768 9.869502630063771e-01 3.936819052913813e-01 -2.273845897897109e-02
769 9.870947686609008e-01 3.936786565904173e-01 -2.246658664298782e-02
770 9.872445112966213e-01 3.936752182054924e-01 -2.371729074325186e-02
771 9.873214889259396e-01 3.936733470404869e-01 -2.496721756963800e-02
772 9.874799439989277e-01 3.936691072791093e-01 -2.883759703439994e-02
773 9.875615684895754e-01 3.936666473928602e-01 -3.151288248905136e-02
774 9.877299647794870e-01 3.936607804163637e-01 -3.849645772253937e-02
775 9.879130479884641e-01 3.936528680153014e-01 -4.832716398127781e-02
776 9.880078943908476e-01 3.936480166602870e-01 -5.394608506184782e-02
777 9.882047833082049e-01 3.936362849138579e-01 -6.511335595790954e-02
778 9.884122670030975e-01 3.936216165171761e-01 -7.615575663843725e-02
779 9.885204165322125e-01 3.936130832096745e-01 -8.161624304626891e-02
780 9.886317533662257e-01 3.936036931585135e-01 -8.702626299268765e-02
781 9.887464974081226e-01 3.935933982276437e-01 -9.237743521518663e-02
782 9.888648925081508e-01 3.935821460784786e-01 -9.766009875426500e-02
783 9.889872108089790e-01 3.935698796110583e-01 -1.028631060867803e-01
784 9.891137571442400e-01 3.935565288933558e-01 -1.081511927452691e-01
785 9.892448750483749e-01 3.935419846355317e-01 -1.137128775339116e-01
786 9.893809530081326e-01 3.935261130735575e-01 -1.195738106786234e-01
787 9.895224321825996e-01 3.935087591781416e-01 -1.257633411204092e-01
788 9.896698195526223e-01 3.934897417092404e-01 -1.323153932384254e-01
789 9.898237014396019e-01 3.934688471992100e-01 -1.392694513719755e-01
790 9.899847604914679e-01 3.934458221864945e-01 -1.466718118136180e-01
791 9.901537983802575e-01 3.934204687345463e-01 -1.526989726658275e-01
792 9.902416096416197e-01 3.934069781093821e-01 -1.544024784106948e-01
793 9.903317857822588e-01 3.933930138799218e-01 -1.551360393331737e-01
794 9.904718047408343e-01 3.933713260104956e-01 -1.542351077587089e-01
795 9.906180465296062e-01 3.933489999423967e-01 -1.506445976760936e-01
796 9.907193267197757e-01 3.933339379398065e-01 -1.465713506765754e-01
797 9.908238866197349e-01 3.933188914551688e-01 -1.410040291689884e-01
798 9.909319754939684e-01 3.933039859688351e-01 -1.349280474834768e-01
799 9.911013310622218e-01 3.932818342608034e-01 -1.269947974377177e-01
800 9.912195479232273e-01 3.932670901015146e-01 -1.226050914092197e-01
801 9.914057639147208e-01 3.932447609845586e-01 -1.176047827677837e-01
802 9.915365292823074e-01 3.932295329986608e-01 -1.154931853797188e-01
803 9.916732056553027e-01 3.932138286501645e-01 -1.145205021233890e-01
804 9.917439629691256e-01 3.932057277607766e-01 -1.145125902838641e-01
805 9.918164459211787e-01 3.931974247595730e-01 -1.145455474000203e-01
806 9.919669711164445e-01 3.931802268606986e-01 -1.137697602102803e-01
807 9.921256885688450e-01 3.931623157312438e-01 -1.117173552458853e-01
808 9.922084590027885e-01 3.931531315597968e-01 -1.101443444570502e-01
809 9.922936991787896e-01 3.931438246333451e-01 -1.081642241918652e-01
810 9.923815810232249e-01 3.931344226348594e-01 -1.057401057118800e-01
811 9.925187715969440e-01 3.931202181157749e-01 -1.011792997813757e-01
812 9.926630841491939e-01 3.931059395088633e-01 -9.711586001895707e-02
813 9.927636909409483e-01 3.930962482062895e-01 -9.574076135315074e-02
814 9.928681624716023e-01 3.930862656461936e-01 -9.558031022293673e-02
815 9.930900834402268e-01 3.930647244774801e-01 -9.952455489614670e-02
816 9.932084652067371e-01 3.930526933366878e-01 -1.040118324247513e-01
817 9.933324678768505e-01 3.930394127201104e-01 -1.104902706706002e-01
818 9.934627257405859e-01 3.930244714590923e-01 -1.192548176859428e-01
819 9.935999920300368e-01 3.930073350027892e-01 -1.308663257907510e-01
820 9.937154613550280e-01 3.929915601423020e-01 -1.426747946390813e-01
821 9.938365437144480e-01 3.929734345195181e-01 -1.570602400675622e-01
822 9.938993948518714e-01 3.929633059334818e-01 -1.653358263005824e-01
823 9.940469954967269e-01 3.929373451516566e-01 -1.869425808518548e-01
824 9.941330752442787e-01 3.929206577309847e-01 -2.009501593444580e-01
825 9.942223663843822e-01 3.929020253633270e-01 -2.165753640388969e-01
826 9.943920689320871e-01 3.928625483488927e-01 -2.493454623553181e-01
827 9.944919698370170e-01 3.928366308139431e-01 -2.693680084245494e-01
828 9.945857247959426e-01 3.928105278474583e-01 -2.873324801253516e-01
829 9.946834768999407e-01 3.927815595815188e-01 -3.052109012420974e-01
830 9.947798266127993e-01 3.927513378823538e-01 -3.219817290179491e-01
831 9.948804831015869e-01 3.927180842408358e-01 -3.385997524630471e-01
832 9.949922515305941e-01 3.926792580641763e-01 -3.559718132733093e-01
833 9.950832657408274e-01 3.926462483199502e-01 -3.692781382336334e-01
834 9.951782176272004e-01 3.926104395583865e-01 -3.860753542091880e-01
835 9.952920562003641e-01 3.925649368021282e-01 -4.149358094896204e-01
836 9.953513067470197e-01 3.925398078487828e-01 -4.337205007068852e-01
837 9.954590898365011e-01 3.924909391076005e-01 -4.744984576148769e-01
838 9.955313606050774e-01 3.924555092435618e-01 -5.066160737972167e-01
839 9.956061659056211e-01 3.924162428567655e-01 -5.438974114717521e-01
840 9.956749409634899e-01 3.923775529008328e-01 -5.817970794315360e-01
841 9.957460152345781e-01 3.923344951618488e-01 -6.333655242256108e-01
842 9.958195470760407e-01 3.922852793114407e-01 -7.090461288908828e-01
843 9.958764092626254e-01 3.922429191757372e-01 -7.831399845556519e-01
844 9.959348240481313e-01 3.921946057911640e-01 -8.733977285965893e-01
845 9.960358543940702e-01 3.920971326188412e-01 -1.063329156246585e+00
846 9.961417620022022e-01 3.919719535069102e-01 -1.308452626927186e+00
847 9.961855339019188e-01 3.919121910180844e-01 -1.423521154430175e+00
848 9.962301588346529e-01 3.918457546266918e-01 -1.558570018635494e+00
849 9.962987945214132e-01 3.917301950928685e-01 -1.819513392231354e+00
850 9.963696231202357e-01 3.915897952194709e-01 -2.156433906904211e+00
851 9.964059207292402e-01 3.915079595632632e-01 -2.355721912025915e+00
852 9.964428425382071e-01 3.914169554479775e-01 -2.576948497934479e+00
853 9.965186760913973e-01 3.912025854502301e-01 -3.089875368971455e+00
854 9.965708145311121e-01 3.910312613817939e-01 -3.488220303489679e+00
855 9.966243214842446e-01 3.908331458618804e-01 -3.917445499928990e+00
856 9.966792967913329e-01 3.906055980290781e-01 -4.361202813234758e+00
857 9.967495753196023e-01 3.902790490834165e-01 -4.932550507599230e+00
858 9.968225239397281e-01 3.898974490002109e-01 -5.530428800091586e+00
859 9.968566206219922e-01 3.897040898511735e-01 -5.811566148570663e+00
860 9.969312412373983e-01 3.892473635590376e-01 -6.430580584846924e+00
861 9.969764677440727e-01 3.889479974481106e-01 -6.808258786416404e+00
862 9.970228801589162e-01 3.886216290570535e-01 -7.284967347259377e+00
863 9.970705653742012e-01 3.882589274001886e-01 -7.958384243497054e+00
864 9.971183173675164e-01 3.878590872601336e-01 -8.819254470004774e+00
865 9.971674706288410e-01 3.873998331402941e-01 -9.900323197809266e+00
866 9.972419734815641e-01 3.865899661259415e-01 -1.191596198595976e+01
867 9.972936462521789e-01 3.859321637775985e-01 -1.358077150303312e+01
868 9.973340630786115e-01 3.853543295814439e-01 -1.503525677867588e+01
869 9.973755758284490e-01 3.846967651046963e-01 -1.666837365876266e+01
870 9.974185364578678e-01 3.839403000708397e-01 -1.860671741141466e+01
871 9.974627876032545e-01 3.830660184620868e-01 -2.096980234721642e+01
872 9.975239861570072e-01 3.816675694252256e-01 -2.485079044122270e+01
873 9.975845801123074e-01 3.800276282384195e-01 -2.939431307307556e+01
874 9.976141797128507e-01 3.791213786939213e-01 -3.186732648509016e+01
875 9.976598448181679e-01 3.775730960011375e-01 -3.600900754428211e+01
876 9.977071619818164e-01 3.757595120325093e-01 -4.071836519337057e+01
877 9.977397093408973e-01 3.743749272208425e-01 -4.449231929035853e+01
878 9.977731249448218e-01 3.728122322391880e-01 -4.917497875293132e+01
879 9.978347151135155e-01 3.694659657858903e-01 -5.995091021607143e+01
880 9.978626013667169e-01 3.677147017948675e-01 -6.574463745250009e+01
881 9.979057249635060e-01 3.646670692329618e-01 -7.582668378541186e+01
882 9.979505518808277e-01 3.610062031742964e-01 -8.775224753190996e+01
883 9.979814799888014e-01 3.581534796635840e-01 -9.683913120096646e+01
884 9.980296024394244e-01 3.531309197106504e-01 -1.120908198944932e+02
885 9.980732923292994e-01 3.479131365578707e-01 -1.269204765392838e+02
886 9.981011892208255e-01 3.442344330098593e-01 -1.368788136450246e+02
887 9.981298935037419e-01 3.401536175227407e-01 -1.475234316045174e+02
888 9.981594727319405e-01 3.356225695863286e-01 -1.589149045612544e+02
889 9.981900038104358e-01 3.305855312199850e-01 -1.711226018870271e+02
890 9.982215759890970e-01 3.249772361423362e-01 -1.842269775900383e+02
891 9.982377852962094e-01 3.219366308683008e-01 -1.908711692683219e+02
892 9.982711188300888e-01 3.153634830130715e-01 -2.032206489638157e+02
893 9.983026380513813e-01 3.087955749130148e-01 -2.132716099221760e+02
894 9.983321187947680e-01 3.023872890475071e-01 -2.212417380115529e+02
895 9.983472655675145e-01 2.990087904672016e-01 -2.247988582507099e+02
896 9.983627011233671e-01 2.955133296344691e-01 -2.280482172974549e+02
897 9.983917995761963e-01 2.888000908253979e-01 -2.331427405779682e+02
898 9.984192315476805e-01 2.823524590637135e-01 -2.367530026718279e+02
899 9.984447979435637e-01 2.762672929157093e-01 -2.391140776970450e+02
900 9.984564498734465e-01 2.734765594890905e-01 -2.398689159405794e+02
901 9.984803250084564e-01 2.677370132214742e-01 -2.407873097502900e+02
902 9.985176995478831e-01 2.587360741835183e-01 -2.405293319976194e+02
903 9.985437839009228e-01 2.524781704703920e-01 -2.391231778138495e+02
904 9.985572128187302e-01 2.492742058372706e-01 -2.380062095387431e+02
905 9.985849089651451e-01 2.427233129854094e-01 -2.348588576401202e+02
906 9.986138347442011e-01 2.359879059074023e-01 -2.307766250929599e+02
907 9.986399229056151e-01 2.300191934992094e-01 -2.267488278257758e+02
908 9.986812394520239e-01 2.207935296682907e-01 -2.196984432721183e+02
909 9.987104616067961e-01 2.144525854520653e-01 -2.142149031954820e+02
910 9.987412294258611e-01 2.079561560282740e-01 -2.079963038546041e+02
911 9.987654540922042e-01 2.029801377277632e-01 -2.027789766850219e+02
912 9.987907856006961e-01 1.979157213151673e-01 -1.970206038618666e+02
913 9.988173583943687e-01 1.927643031168785e-01 -1.906420630573239e+02
914 9.988453342253930e-01 1.875292700242140e-01 -1.835470030211228e+02
915 9.988732383807617e-01 1.825107955330115e-01 -1.760821157029628e+02
916 9.988992464722105e-01 1.780255210078145e-01 -1.687755553054124e+02
917 9.989266968203648e-01 1.735025721929115e-01 -1.606986613844897e+02
918 9.989464787486555e-01 1.703831923841194e-01 -1.546455979961484e+02
919 9.989569817449592e-01 1.687761951486471e-01 -1.513526406384509e+02
920 9.989787168691887e-01 1.655593426355541e-01 -1.447378502619521e+02
921 9.990015225242572e-01 1.623324273182305e-01 -1.383488475084957e+02
922 9.990255323934585e-01 1.590853643137793e-01 -1.322328568786150e+02
923 9.990380395538039e-01 1.574500563323242e-01 -1.292949406983214e+02
924 9.990509110191772e-01 1.558043507675919e-01 -1.264488325084417e+02
925 9.990778498263533e-01 1.524721278137142e-01 -1.210745431784821e+02
926 9.990919833426175e-01 1.507788723925584e-01 -1.185701288976791e+02
927 9.991217534098495e-01 1.473247863831856e-01 -1.134594903688035e+02
928 9.991374843402353e-01 1.455615634533680e-01 -1.107073029091958e+02
929 9.991566386665643e-01 1.434735111959523e-01 -1.073079590148751e+02
930 9.991767519786081e-01 1.413515656471945e-01 -1.036814276436317e+02
931 9.991979442678977e-01 1.391953623941705e-01 -9.979718206993911e+01
932 9.992089905688948e-01 1.381042807453709e-01 -9.774685330974268e+01
933 9.992203636214324e-01 1.370046917176635e-01 -9.561747543216939e+01
934 9.992441816219516e-01 1.347798217918517e-01 -9.123838782145914e+01
935 9.992566838332545e-01 1.336530665022034e-01 -8.901974740397542e+01
936 9.992696223212083e-01 1.325158279148531e-01 -8.678165478048841e+01
937 9.992969547285989e-01 1.302064396359458e-01 -8.224755507250138e+01
938 9.993114433756618e-01 1.290315116697079e-01 -7.995078322126763e+01
939 9.993265504561685e-01 1.278412844570774e-01 -7.763471599683332e+01
940 9.993366077859202e-01 1.270680458899695e-01 -7.613739762130821e+01
941 9.993469654681667e-01 1.262875722793596e-01 -7.454349460153844e+01
942 9.993686657345193e-01 1.247100166249496e-01 -7.074882252631657e+01
943 9.993918522861450e-01 1.231231384453183e-01 -6.601307814376943e+01
944 9.994040821193927e-01 1.223326178075867e-01 -6.323171051561446e+01
945 9.994103722178084e-01 1.219395958347235e-01 -6.172494355730856e+01
946 9.994167860213673e-01 1.215487734923547e-01 -6.013521584599820e+01
947 9.994300071865306e-01 1.207762498333134e-01 -5.668831038882539e+01
948 9.994437963428932e-01 1.200207464218348e-01 -5.284956043481470e+01
949 9.994582108285726e-01 1.192892955419801e-01 -4.860480220270738e+01
950 9.994733179083133e-01 1.185899919006691e-01 -4.393750447608464e+01
951 9.994891976721081e-01 1.179328156577622e-01 -3.879031821909404e+01
952 9.994974572855273e-01 1.176238366035023e-01 -3.601536816017507e+01
953 9.995059479865531e-01 1.173303970380702e-01 -3.309307490777253e+01
954 9.995146848763299e-01 1.170546702994646e-01 -3.001227899708194e+01
955 9.995236844271571e-01 1.167991454143504e-01 -2.676063101464949e+01
956 9.995425453427881e-01 1.163808512532517e-01 -1.646116114246292e+01
957 9.995560571789105e-01 1.162326053088784e-01 -4.900040266973991e+00
958 9.995702283149700e-01 1.162711245765880e-01  1.097643593573623e+01
959 9.995851356419627e-01 1.165848555349927e-01  3.182273420823843e+01
960 9.995903805218043e-01 1.167734165006375e-01  4.016782054353494e+01
961 9.995956254016459e-01 1.170071260757092e-01  4.903899493541673e+01
962 9.996008702814875e-01 1.172887435288289e-01  5.843625738313384e+01
963 9.996036067664069e-01 1.174553441060927e-01  6.325108186711929e+01
964 9.996063432513265e-01 1.176345036205940e-01  6.761514021494034e+01
965 9.996090797362459e-01 1.178249885575691e-01  7.152843242588980e+01
966 9.996118988970757e-01 1.180317693853324e-01  7.508855478971113e+01
967 9.996147180579055e-01 1.182479124060723e-01  7.817026206366643e+01
968 9.996175372187354e-01 1.184720688907070e-01  8.077355424775578e+01
969 9.996204444840915e-01 1.187101964263625e-01  8.295712873006273e+01
970 9.996233517494475e-01 1.189551578919310e-01  8.589628793742438e+01
971 9.996262590148035e-01 1.192116005453963e-01  9.085540184294172e+01
972 9.996292603793223e-01 1.194946152721291e-01  9.809410915480663e+01
973 9.996322617438412e-01 1.198025867122092e-01  1.074856466397856e+02
974 9.996352631083600e-01 1.201419762937225e-01  1.190300142976511e+02
975 9.996415769325555e-01 1.209873513525633e-01  1.503432515188683e+02
976 9.996478907567511e-01 1.220605086631487e-01  1.911835126132754e+02
977 9.996542045809468e-01 1.234154593261107e-01  2.386329843683292e+02
978 9.996575298348879e-01 1.242527070279256e-01  2.651068457882602e+02
979 9.996608550888291e-01 1.251796893974287e-01  2.926046023243399e+02
980 9.996641803427703e-01 1.261998111458611e-01  3.211262539757026e+02
981 9.996676298317847e-01 1.273601125077037e-01  3.517954957466849e+02
982 9.996710793207991e-01 1.286281074607981e-01  3.835665694895404e+02
983 9.996745288098136e-01 1.300075967623419e-01  4.164394752022272e+02
984 9.996781112571957e-01 1.315678854320734e-01  4.563762267567573e+02
985 9.996816937045779e-01 1.332899623743332e-01  5.067622379775250e+02
986 9.996852761519600e-01 1.352112615119957e-01  5.675975088624862e+02
987 9.996890005594047e-01 1.374601280873969e-01  6.419220382191414e+02
988 9.996927249668491e-01 1.400068408573382e-01  7.275403717458373e+02
989 9.996964493742938e-01 1.428934625504003e-01  8.244525094507227e+02
990 9.997003254734259e-01 1.463038846090417e-01  9.373049402842701e+02
991 9.997042015725581e-01 1.501754410907052e-01  1.062389882614138e+03
992 9.997080776716905e-01 1.545442233481225e-01  1.190943571211579e+03
993 9.997121180024866e-01 1.596172834373022e-01  1.319307824590315e+03
994 9.997161583332829e-01 1.651973550996098e-01  1.441918849573468e+03
995 9.997201986640792e-01 1.712611933893536e-01  1.558776646164163e+03
996 9.997244246997838e-01 1.780961200129659e-01  1.674849596874733e+03
997 9.997286507354884e-01 1.854082752046562e-01  1.784628296088777e+03
998 9.997328767711933e-01 1.931710592334710e-01  1.888112743814686e+03
999 9.997373267530483e-01 2.017848973298601e-01  1.978052854145714e+03
1000 9.997417767349032e-01 2.107290389857375e-01  2.036564387300022e+03
1001 9.997462267167579e-01 2.198636276031553e-01  2.063647343282593e+03
1002 9.997509550906529e-01 2.296219194002932e-01  2.057985266468591e+03
1003 9.997556834645479e-01 2.392695481084886e-01  2.016839247560869e+03
1004 9.997604118384427e-01 2.486387323816091e-01  1.940209286566065e+03
1005 9.997654875639657e-01 2.581950149417773e-01  1.818460280725482e+03
1006 9.997705632894887e-01 2.670621078776129e-01  1.675058199229195e+03
1007 9.997756390150118e-01 2.751951963345260e-01  1.529238778909252e+03
1008 9.997811500406887e-01 2.831803701282333e-01  1.368176515400329e+03
1009 9.997866610663655e-01 2.902700731406238e-01  1.204264505998176e+03
1010 9.997921720920425e-01 2.964486003492894e-01  1.037502750692818e+03
1011 9.997982357911374e-01 3.021751646794981e-01  8.507245301873717e+02
1012 9.998042994902324e-01 3.067587022635696e-01  6.604963298813735e+02
1013 9.998103631893273e-01 3.101785772563340e-01  4.669585563889397e+02
1014 9.998171450225458e-01 3.126009282473336e-01  2.467453908738919e+02
1015 9.998239268557643e-01 3.135163877444868e-01  2.256794833541197e+01
1016 9.998307086889827e-01 3.128980706822111e-01 -2.055737712227389e+02
1017 9.998384534079418e-01 3.102816423903266e-01 -4.709555944931583e+02
1018 9.998461981269006e-01 3.055898867968670e-01 -7.415073054645272e+02
1019 9.998539428458596e-01 2.987827645742110e-01 -1.017228904152335e+03
1020 9.998630288540217e-01 2.881325368797872e-01 -1.318760177127381e+03
1021 9.998721148621836e-01 2.749695121675048e-01 -1.570342432820236e+03
1022 9.998812008703458e-01 2.597475276155309e-01 -1.771975671239194e+03
1023 9.998921986163983e-01 2.392181076943500e-01 -1.949214574573771e+03
1024 9.999031963624508e-01 2.171418628414922e-01 -2.053274207152718e+03
1025 9.999141941085034e-01 1.943236000934915e-01 -2.084154568973936e+03
1026 9.999534011308192e-01 1.190865521585653e-01 -1.598773702846126e+03
1027 1.000000000000000e+00 8.110801473603156e-02  1.877217774027294e+02
